89.28378410380506 4.5 8.014800661259931e-09 0.4
89.28378410380506 13.5 6.8560165125573675e-09 0.4
89.28378410380506 22.5 5.773099158513879e-09 0.4
89.28378410380506 31.5 5.200314765548105e-09 0.4
89.28378410380506 40.5 4.861992603159684e-09 0.4
89.28378410380506 49.5 5.067650381859848e-09 0.4
89.28378410380506 58.5 5.506481569728363e-09 0.4
89.28378410380506 67.5 6.3092198008327684e-09 0.4
89.28378410380506 76.5 6.760447747135443e-09 0.4
89.28378410380506 85.5 7.160600444278296e-09 0.4
89.28378410380506 94.5 7.351351865617288e-09 0.4
89.28378410380506 103.5 7.459786895862415e-09 0.4
89.28378410380506 112.5 7.075262840886259e-09 0.4
89.28378410380506 121.5 6.854604456961465e-09 0.4
89.28378410380506 130.5 6.830778140844643e-09 0.4
89.28378410380506 139.5 7.083235626682627e-09 0.4
89.28378410380506 148.5 7.38264537562739e-09 0.4
89.28378410380506 157.5 7.989223377563725e-09 0.4
89.28378410380506 166.5 8.265330570818672e-09 0.4
89.28378410380506 175.5 8.304237029807705e-09 0.4
89.28378410380506 184.5 7.959523140355206e-09 0.4
89.28378410380506 193.5 6.784316502433199e-09 0.4
89.28378410380506 202.5 5.7322279105858095e-09 0.4
89.28378410380506 211.5 5.159864618885683e-09 0.4
89.28378410380506 220.5 4.852937522998737e-09 0.4
89.28378410380506 229.5 5.0643498104475605e-09 0.4
89.28378410380506 238.5 5.526788376017268e-09 0.4
89.28378410380506 247.5 6.3497348496364265e-09 0.4
89.28378410380506 256.5 6.8108929247967e-09 0.4
89.28378410380506 265.5 7.215190007025187e-09 0.4
89.28378410380506 274.5 7.423994955755271e-09 0.4
89.28378410380506 283.5 7.47890615112679e-09 0.4
89.28378410380506 292.5 7.072536132843075e-09 0.4
89.28378410380506 301.5 6.861776074303554e-09 0.4
89.28378410380506 310.5 6.830143211785273e-09 0.4
89.28378410380506 319.5 7.083918719253227e-09 0.4
89.28378410380506 328.5 7.378375038316748e-09 0.4
89.28378410380506 337.5 7.971536782007614e-09 0.4
89.28378410380506 346.5 8.266918801450937e-09 0.4
89.28378410380506 355.5 8.321588511751118e-09 0.4
87.85090437313598 4.5 8.05753535905501e-09 0.4
87.85090437313598 13.5 6.933602459451828e-09 0.4
87.85090437313598 22.5 5.819490969899594e-09 0.4
87.85090437313598 31.5 5.243617340821479e-09 0.4
87.85090437313598 40.5 4.871910252077586e-09 0.4
87.85090437313598 49.5 5.068040227350981e-09 0.4
87.85090437313598 58.5 5.486248245256155e-09 0.4
87.85090437313598 67.5 6.257822319894775e-09 0.4
87.85090437313598 76.5 6.714955741778503e-09 0.4
87.85090437313598 85.5 7.109979441792257e-09 0.4
87.85090437313598 94.5 7.290803620160183e-09 0.4
87.85090437313598 103.5 7.44330384351218e-09 0.4
87.85090437313598 112.5 7.078934403319386e-09 0.4
87.85090437313598 121.5 6.847821490006339e-09 0.4
87.85090437313598 130.5 6.832929281778285e-09 0.4
87.85090437313598 139.5 7.082549122059013e-09 0.4
87.85090437313598 148.5 7.3892487421381825e-09 0.4
87.85090437313598 157.5 8.00918359726455e-09 0.4
87.85090437313598 166.5 8.264439326235674e-09 0.4
87.85090437313598 175.5 8.289742149634419e-09 0.4
87.85090437313598 184.5 7.899417475156205e-09 0.4
87.85090437313598 193.5 6.7175230142087075e-09 0.4
87.85090437313598 202.5 5.696946813200547e-09 0.4
87.85090437313598 211.5 5.12417991577508e-09 0.4
87.85090437313598 220.5 4.8479483230141034e-09 0.4
87.85090437313598 229.5 5.0642355604826015e-09 0.4
87.85090437313598 238.5 5.541460001453444e-09 0.4
87.85090437313598 247.5 6.389951691504748e-09 0.4
87.85090437313598 256.5 6.866955619821302e-09 0.4
87.85090437313598 265.5 7.275886233199369e-09 0.4
87.85090437313598 274.5 7.50957025351004e-09 0.4
87.85090437313598 283.5 7.49758511572858e-09 0.4
87.85090437313598 292.5 7.070492317869175e-09 0.4
87.85090437313598 301.5 6.8690776959735785e-09 0.4
87.85090437313598 310.5 6.83065824679855e-09 0.4
87.85090437313598 319.5 7.0859389208608665e-09 0.4
87.85090437313598 328.5 7.376385600082848e-09 0.4
87.85090437313598 337.5 7.953621739081222e-09 0.4
87.85090437313598 346.5 8.268801197774079e-09 0.4
87.85090437313598 355.5 8.34150888727257e-09 0.4
86.41667830152802 4.5 8.06663751587466e-09 0.4
86.41667830152802 13.5 7.006644437590743e-09 0.4
86.41667830152802 22.5 5.871726441280741e-09 0.4
86.41667830152802 31.5 5.285550061342095e-09 0.4
86.41667830152802 40.5 4.880926034472371e-09 0.4
86.41667830152802 49.5 5.071310614185984e-09 0.4
86.41667830152802 58.5 5.461784057840767e-09 0.4
86.41667830152802 67.5 6.20743384424618e-09 0.4
86.41667830152802 76.5 6.673306742640378e-09 0.4
86.41667830152802 85.5 7.062312351052999e-09 0.4
86.41667830152802 94.5 7.240589498344985e-09 0.4
86.41667830152802 103.5 7.390773855325442e-09 0.4
86.41667830152802 112.5 7.076624913919479e-09 0.4
86.41667830152802 121.5 6.841902299167695e-09 0.4
86.41667830152802 130.5 6.836753262529444e-09 0.4
86.41667830152802 139.5 7.079622330126789e-09 0.4
86.41667830152802 148.5 7.398109729380304e-09 0.4
86.41667830152802 157.5 8.03221169968902e-09 0.4
86.41667830152802 166.5 8.26506805431354e-09 0.4
86.41667830152802 175.5 8.278518684798107e-09 0.4
86.41667830152802 184.5 7.839049843285256e-09 0.4
86.41667830152802 193.5 6.656078923101504e-09 0.4
86.41667830152802 202.5 5.665643226790728e-09 0.4
86.41667830152802 211.5 5.092297245549333e-09 0.4
86.41667830152802 220.5 4.8471359451573206e-09 0.4
86.41667830152802 229.5 5.063424597155216e-09 0.4
86.41667830152802 238.5 5.556436921538753e-09 0.4
86.41667830152802 247.5 6.432694440453404e-09 0.4
86.41667830152802 256.5 6.927271768446331e-09 0.4
86.41667830152802 265.5 7.347468171347779e-09 0.4
86.41667830152802 274.5 7.609168011586585e-09 0.4
86.41667830152802 283.5 7.50278683164459e-09 0.4
86.41667830152802 292.5 7.069175296597554e-09 0.4
86.41667830152802 301.5 6.875287741238559e-09 0.4
86.41667830152802 310.5 6.832201482104497e-09 0.4
86.41667830152802 319.5 7.08931667919589e-09 0.4
86.41667830152802 328.5 7.375379051646504e-09 0.4
86.41667830152802 337.5 7.936937386649439e-09 0.4
86.41667830152802 346.5 8.271448443524096e-09 0.4
86.41667830152802 355.5 8.360464172128549e-09 0.4
84.98019986832188 4.5 8.080143268108213e-09 0.4
84.98019986832188 13.5 7.0701824268083455e-09 0.4
84.98019986832188 22.5 5.930194170662144e-09 0.4
84.98019986832188 31.5 5.3324322133421295e-09 0.4
84.98019986832188 40.5 4.894247794206948e-09 0.4
84.98019986832188 49.5 5.07768140061271e-09 0.4
84.98019986832188 58.5 5.439893086398557e-09 0.4
84.98019986832188 67.5 6.155692962514055e-09 0.4
84.98019986832188 76.5 6.634714402568681e-09 0.4
84.98019986832188 85.5 7.0214973025119335e-09 0.4
84.98019986832188 94.5 7.197782403740205e-09 0.4
84.98019986832188 103.5 7.335842229839238e-09 0.4
84.98019986832188 112.5 7.057785095329165e-09 0.4
84.98019986832188 121.5 6.837065868353684e-09 0.4
84.98019986832188 130.5 6.840045295502215e-09 0.4
84.98019986832188 139.5 7.078435438956974e-09 0.4
84.98019986832188 148.5 7.407143482049386e-09 0.4
84.98019986832188 157.5 8.058053378477613e-09 0.4
84.98019986832188 166.5 8.267243582156083e-09 0.4
84.98019986832188 175.5 8.26988063123065e-09 0.4
84.98019986832188 184.5 7.783670588005902e-09 0.4
84.98019986832188 193.5 6.600377674599262e-09 0.4
84.98019986832188 202.5 5.636978378317016e-09 0.4
84.98019986832188 211.5 5.064763033706847e-09 0.4
84.98019986832188 220.5 4.847433883546947e-09 0.4
84.98019986832188 229.5 5.061317979349399e-09 0.4
84.98019986832188 238.5 5.567262759185008e-09 0.4
84.98019986832188 247.5 6.477290822445741e-09 0.4
84.98019986832188 256.5 6.994260938188081e-09 0.4
84.98019986832188 265.5 7.431464595380291e-09 0.4
84.98019986832188 274.5 7.725628299441446e-09 0.4
84.98019986832188 283.5 7.509043201613375e-09 0.4
84.98019986832188 292.5 7.068608463789472e-09 0.4
84.98019986832188 301.5 6.882184755094947e-09 0.4
84.98019986832188 310.5 6.834865796642864e-09 0.4
84.98019986832188 319.5 7.093950362515677e-09 0.4
84.98019986832188 328.5 7.373724242667465e-09 0.4
84.98019986832188 337.5 7.92294078482238e-09 0.4
84.98019986832188 346.5 8.276468601925117e-09 0.4
84.98019986832188 355.5 8.375780779336341e-09 0.4
83.54055022264492 4.5 8.096987828354599e-09 0.4
83.54055022264492 13.5 7.138417004800006e-09 0.4
83.54055022264492 22.5 5.9951137699462966e-09 0.4
83.54055022264492 31.5 5.349490083098954e-09 0.4
83.54055022264492 40.5 4.910452270875114e-09 0.4
83.54055022264492 49.5 5.082652595465184e-09 0.4
83.54055022264492 58.5 5.417155540898343e-09 0.4
83.54055022264492 67.5 6.104416093090608e-09 0.4
83.54055022264492 76.5 6.598661887406782e-09 0.4
83.54055022264492 85.5 6.985040735380498e-09 0.4
83.54055022264492 94.5 7.16297448561943e-09 0.4
83.54055022264492 103.5 7.290218774896008e-09 0.4
83.54055022264492 112.5 7.041077316598552e-09 0.4
83.54055022264492 121.5 6.8334800711098435e-09 0.4
83.54055022264492 130.5 6.843850313445615e-09 0.4
83.54055022264492 139.5 7.079239509428061e-09 0.4
83.54055022264492 148.5 7.416572085741812e-09 0.4
83.54055022264492 157.5 8.078152954365295e-09 0.4
83.54055022264492 166.5 8.270233732669572e-09 0.4
83.54055022264492 175.5 8.258349332700495e-09 0.4
83.54055022264492 184.5 7.733090482165727e-09 0.4
83.54055022264492 193.5 6.549821423072683e-09 0.4
83.54055022264492 202.5 5.613362264170419e-09 0.4
83.54055022264492 211.5 5.042193034060344e-09 0.4
83.54055022264492 220.5 4.849778085706619e-09 0.4
83.54055022264492 229.5 5.0619468929185594e-09 0.4
83.54055022264492 238.5 5.577093243513258e-09 0.4
83.54055022264492 247.5 6.524538441991467e-09 0.4
83.54055022264492 256.5 7.0685406272451426e-09 0.4
83.54055022264492 265.5 7.529188231238978e-09 0.4
83.54055022264492 274.5 7.860588374736446e-09 0.4
83.54055022264492 283.5 7.516352737280876e-09 0.4
83.54055022264492 292.5 7.068654485562207e-09 0.4
83.54055022264492 301.5 6.8896759530159155e-09 0.4
83.54055022264492 310.5 6.836732154823218e-09 0.4
83.54055022264492 319.5 7.097128572381618e-09 0.4
83.54055022264492 328.5 7.3744239075003955e-09 0.4
83.54055022264492 337.5 7.911550383557511e-09 0.4
83.54055022264492 346.5 8.283503392965825e-09 0.4
83.54055022264492 355.5 8.374975850355139e-09 0.4
82.09679226651541 4.5 8.100912682695717e-09 0.4
82.09679226651541 13.5 7.174729857768756e-09 0.4
82.09679226651541 22.5 6.066589066741299e-09 0.4
82.09679226651541 31.5 5.366993997869413e-09 0.4
82.09679226651541 40.5 4.929965194718267e-09 0.4
82.09679226651541 49.5 5.091669506459983e-09 0.4
82.09679226651541 58.5 5.394871451541941e-09 0.4
82.09679226651541 67.5 6.054439934638022e-09 0.4
82.09679226651541 76.5 6.564209227192585e-09 0.4
82.09679226651541 85.5 6.921280774252107e-09 0.4
82.09679226651541 94.5 7.112892259929205e-09 0.4
82.09679226651541 103.5 7.247415491500419e-09 0.4
82.09679226651541 112.5 7.02645439970322e-09 0.4
82.09679226651541 121.5 6.831298453848112e-09 0.4
82.09679226651541 130.5 6.849539202116195e-09 0.4
82.09679226651541 139.5 7.08222965877985e-09 0.4
82.09679226651541 148.5 7.429100881551509e-09 0.4
82.09679226651541 157.5 8.076083950288383e-09 0.4
82.09679226651541 166.5 8.27109653653086e-09 0.4
82.09679226651541 175.5 8.241351144478173e-09 0.4
82.09679226651541 184.5 7.686817858961596e-09 0.4
82.09679226651541 193.5 6.504690440300237e-09 0.4
82.09679226651541 202.5 5.595405506233263e-09 0.4
82.09679226651541 211.5 5.0244534071576755e-09 0.4
82.09679226651541 220.5 4.856199265952202e-09 0.4
82.09679226651541 229.5 5.058263004313653e-09 0.4
82.09679226651541 238.5 5.584901433077961e-09 0.4
82.09679226651541 247.5 6.568911606888314e-09 0.4
82.09679226651541 256.5 7.150720207062676e-09 0.4
82.09679226651541 265.5 7.638386232980948e-09 0.4
82.09679226651541 274.5 8.01387089797593e-09 0.4
82.09679226651541 283.5 7.524800406603717e-09 0.4
82.09679226651541 292.5 7.069211863216509e-09 0.4
82.09679226651541 301.5 6.897695522473099e-09 0.4
82.09679226651541 310.5 6.839189963411237e-09 0.4
82.09679226651541 319.5 7.100590919113524e-09 0.4
82.09679226651541 328.5 7.3774109833602156e-09 0.4
82.09679226651541 337.5 7.90269394981846e-09 0.4
82.09679226651541 346.5 8.292078834033161e-09 0.4
82.09679226651541 355.5 8.367506324442834e-09 0.4
80.64796494243684 4.5 8.095198507067492e-09 0.4
80.64796494243684 13.5 7.211355235425972e-09 0.4
80.64796494243684 22.5 6.138682377605569e-09 0.4
80.64796494243684 31.5 5.390529556556763e-09 0.4
80.64796494243684 40.5 4.95549193838115e-09 0.4
80.64796494243684 49.5 5.1011428538671245e-09 0.4
80.64796494243684 58.5 5.376040116860161e-09 0.4
80.64796494243684 67.5 6.005383187742123e-09 0.4
80.64796494243684 76.5 6.530676416493031e-09 0.4
80.64796494243684 85.5 6.863541656926617e-09 0.4
80.64796494243684 94.5 7.069575007033235e-09 0.4
80.64796494243684 103.5 7.2116730422268534e-09 0.4
80.64796494243684 112.5 7.0140669221606465e-09 0.4
80.64796494243684 121.5 6.830631672565005e-09 0.4
80.64796494243684 130.5 6.857296999341053e-09 0.4
80.64796494243684 139.5 7.087614072548496e-09 0.4
80.64796494243684 148.5 7.4450184362712395e-09 0.4
80.64796494243684 157.5 8.072554874825227e-09 0.4
80.64796494243684 166.5 8.272539269277228e-09 0.4
80.64796494243684 175.5 8.221182757364554e-09 0.4
80.64796494243684 184.5 7.645223960980533e-09 0.4
80.64796494243684 193.5 6.465135426413537e-09 0.4
80.64796494243684 202.5 5.583089635834179e-09 0.4
80.64796494243684 211.5 5.011437005410855e-09 0.4
80.64796494243684 220.5 4.866097531178857e-09 0.4
80.64796494243684 229.5 5.057605371526381e-09 0.4
80.64796494243684 238.5 5.589091545734854e-09 0.4
80.64796494243684 247.5 6.587088632975666e-09 0.4
80.64796494243684 256.5 7.239324914736905e-09 0.4
80.64796494243684 265.5 7.732182886653851e-09 0.4
80.64796494243684 274.5 8.084001096818032e-09 0.4
80.64796494243684 283.5 7.534358763582321e-09 0.4
80.64796494243684 292.5 7.070130593673335e-09 0.4
80.64796494243684 301.5 6.906046538251087e-09 0.4
80.64796494243684 310.5 6.84295857187117e-09 0.4
80.64796494243684 319.5 7.105480718507094e-09 0.4
80.64796494243684 328.5 7.382571747889755e-09 0.4
80.64796494243684 337.5 7.893464569677991e-09 0.4
80.64796494243684 346.5 8.302561114987345e-09 0.4
80.64796494243684 355.5 8.362584838798336e-09 0.4
79.19307712513965 4.5 8.089232659315817e-09 0.4
79.19307712513965 13.5 7.252872009802698e-09 0.4
79.19307712513965 22.5 6.198734814832283e-09 0.4
79.19307712513965 31.5 5.421055063221449e-09 0.4
79.19307712513965 40.5 4.987373371717519e-09 0.4
79.19307712513965 49.5 5.095080818797831e-09 0.4
79.19307712513965 58.5 5.3581003918700145e-09 0.4
79.19307712513965 67.5 5.953433592146287e-09 0.4
79.19307712513965 76.5 6.496742396573062e-09 0.4
79.19307712513965 85.5 6.811299455159073e-09 0.4
79.19307712513965 94.5 7.031821102276522e-09 0.4
79.19307712513965 103.5 7.181370648961752e-09 0.4
79.19307712513965 112.5 7.0038783925286494e-09 0.4
79.19307712513965 121.5 6.831693690370631e-09 0.4
79.19307712513965 130.5 6.867164504228192e-09 0.4
79.19307712513965 139.5 7.09568919016115e-09 0.4
79.19307712513965 148.5 7.464602527340531e-09 0.4
79.19307712513965 157.5 8.070278274948964e-09 0.4
79.19307712513965 166.5 8.276267700774549e-09 0.4
79.19307712513965 175.5 8.20319471101087e-09 0.4
79.19307712513965 184.5 7.6089368995635e-09 0.4
79.19307712513965 193.5 6.429814810535174e-09 0.4
79.19307712513965 202.5 5.576391772844883e-09 0.4
79.19307712513965 211.5 5.00306536730989e-09 0.4
79.19307712513965 220.5 4.874939989887475e-09 0.4
79.19307712513965 229.5 5.059496712695041e-09 0.4
79.19307712513965 238.5 5.5942764991972816e-09 0.4
79.19307712513965 247.5 6.595333392843798e-09 0.4
79.19307712513965 256.5 7.330580786098056e-09 0.4
79.19307712513965 265.5 7.775547249112809e-09 0.4
79.19307712513965 274.5 8.0873034507583e-09 0.4
79.19307712513965 283.5 7.545063711976021e-09 0.4
79.19307712513965 292.5 7.0712339626125665e-09 0.4
79.19307712513965 301.5 6.914679474169842e-09 0.4
79.19307712513965 310.5 6.847918509565673e-09 0.4
79.19307712513965 319.5 7.111699780695523e-09 0.4
79.19307712513965 328.5 7.389911807102598e-09 0.4
79.19307712513965 337.5 7.88507275170798e-09 0.4
79.19307712513965 346.5 8.313882599450965e-09 0.4
79.19307712513965 355.5 8.334625273279664e-09 0.4
77.73110100404344 4.5 8.080874388099674e-09 0.4
77.73110100404344 13.5 7.296502315371825e-09 0.4
77.73110100404344 22.5 6.263365178814433e-09 0.4
77.73110100404344 31.5 5.458894813823371e-09 0.4
77.73110100404344 40.5 5.024330899614525e-09 0.4
77.73110100404344 49.5 5.091180859064665e-09 0.4
77.73110100404344 58.5 5.341205155114049e-09 0.4
77.73110100404344 67.5 5.9029142267683495e-09 0.4
77.73110100404344 76.5 6.461822010372946e-09 0.4
77.73110100404344 85.5 6.762519423004832e-09 0.4
77.73110100404344 94.5 6.997796423318089e-09 0.4
77.73110100404344 103.5 7.155431412779439e-09 0.4
77.73110100404344 112.5 6.9958956743381534e-09 0.4
77.73110100404344 121.5 6.834783562305306e-09 0.4
77.73110100404344 130.5 6.879426024502246e-09 0.4
77.73110100404344 139.5 7.105113066841472e-09 0.4
77.73110100404344 148.5 7.488158728927219e-09 0.4
77.73110100404344 157.5 8.05300711027694e-09 0.4
77.73110100404344 166.5 8.282706544096748e-09 0.4
77.73110100404344 175.5 8.189326645725553e-09 0.4
77.73110100404344 184.5 7.577130861144388e-09 0.4
77.73110100404344 193.5 6.4004706262687115e-09 0.4
77.73110100404344 202.5 5.575297285693321e-09 0.4
77.73110100404344 211.5 4.9992309925745335e-09 0.4
77.73110100404344 220.5 4.887740627031311e-09 0.4
77.73110100404344 229.5 5.05752048713201e-09 0.4
77.73110100404344 238.5 5.592648819515733e-09 0.4
77.73110100404344 247.5 6.597015023217905e-09 0.4
77.73110100404344 256.5 7.426358268510073e-09 0.4
77.73110100404344 265.5 7.825090616196841e-09 0.4
77.73110100404344 274.5 8.09228246133057e-09 0.4
77.73110100404344 283.5 7.557103123097966e-09 0.4
77.73110100404344 292.5 7.072512181992248e-09 0.4
77.73110100404344 301.5 6.923707253909942e-09 0.4
77.73110100404344 310.5 6.853977341826372e-09 0.4
77.73110100404344 319.5 7.1191517029119565e-09 0.4
77.73110100404344 328.5 7.396825675654045e-09 0.4
77.73110100404344 337.5 7.879569559527279e-09 0.4
77.73110100404344 346.5 8.299396001774166e-09 0.4
77.73110100404344 355.5 8.304133205332715e-09 0.4
76.26096482563027 4.5 8.073584942014811e-09 0.4
76.26096482563027 13.5 7.34526401541447e-09 0.4
76.26096482563027 22.5 6.335612378905575e-09 0.4
76.26096482563027 31.5 5.504382305831552e-09 0.4
76.26096482563027 40.5 5.0661914433021245e-09 0.4
76.26096482563027 49.5 5.089537722123492e-09 0.4
76.26096482563027 58.5 5.328762629299869e-09 0.4
76.26096482563027 67.5 5.854130643930465e-09 0.4
76.26096482563027 76.5 6.427369000451257e-09 0.4
76.26096482563027 85.5 6.714992871130765e-09 0.4
76.26096482563027 94.5 6.9638129541025746e-09 0.4
76.26096482563027 103.5 7.130656414454911e-09 0.4
76.26096482563027 112.5 6.990157992778987e-09 0.4
76.26096482563027 121.5 6.8401664836910875e-09 0.4
76.26096482563027 130.5 6.8943578769782156e-09 0.4
76.26096482563027 139.5 7.11538688554592e-09 0.4
76.26096482563027 148.5 7.51605170966597e-09 0.4
76.26096482563027 157.5 8.04085008365106e-09 0.4
76.26096482563027 166.5 8.29199791910735e-09 0.4
76.26096482563027 175.5 8.180128723997701e-09 0.4
76.26096482563027 184.5 7.538300908494153e-09 0.4
76.26096482563027 193.5 6.3771556597562245e-09 0.4
76.26096482563027 202.5 5.57978992436018e-09 0.4
76.26096482563027 211.5 4.999756441219283e-09 0.4
76.26096482563027 220.5 4.901935538940987e-09 0.4
76.26096482563027 229.5 5.05874747679887e-09 0.4
76.26096482563027 238.5 5.593669827076058e-09 0.4
76.26096482563027 247.5 6.587967795702431e-09 0.4
76.26096482563027 256.5 7.416008997468315e-09 0.4
76.26096482563027 265.5 7.87946327449597e-09 0.4
76.26096482563027 274.5 8.098272946863057e-09 0.4
76.26096482563027 283.5 7.566862183806192e-09 0.4
76.26096482563027 292.5 7.072257030640757e-09 0.4
76.26096482563027 301.5 6.9304168458748895e-09 0.4
76.26096482563027 310.5 6.861028589623087e-09 0.4
76.26096482563027 319.5 7.125956195349413e-09 0.4
76.26096482563027 328.5 7.40553410601706e-09 0.4
76.26096482563027 337.5 7.877024687639425e-09 0.4
76.26096482563027 346.5 8.287799528058228e-09 0.4
76.26096482563027 355.5 8.275433399826514e-09 0.4
74.7815448422298 4.5 8.063636826577183e-09 0.4
74.7815448422298 13.5 7.396388507796021e-09 0.4
74.7815448422298 22.5 6.411682714124935e-09 0.4
74.7815448422298 31.5 5.557805384964253e-09 0.4
74.7815448422298 40.5 5.115854548415396e-09 0.4
74.7815448422298 49.5 5.091871115774453e-09 0.4
74.7815448422298 58.5 5.318017088955591e-09 0.4
74.7815448422298 67.5 5.8047039201914105e-09 0.4
74.7815448422298 76.5 6.393248799898349e-09 0.4
74.7815448422298 85.5 6.671075723945637e-09 0.4
74.7815448422298 94.5 6.932404186012368e-09 0.4
74.7815448422298 103.5 7.108023857187941e-09 0.4
74.7815448422298 112.5 6.986724687874463e-09 0.4
74.7815448422298 121.5 6.848114972593478e-09 0.4
74.7815448422298 130.5 6.9124298725141505e-09 0.4
74.7815448422298 139.5 7.1293172467497666e-09 0.4
74.7815448422298 148.5 7.544600751238786e-09 0.4
74.7815448422298 157.5 8.0332304706603e-09 0.4
74.7815448422298 166.5 8.301156740600398e-09 0.4
74.7815448422298 175.5 8.175837428317035e-09 0.4
74.7815448422298 184.5 7.473469656036447e-09 0.4
74.7815448422298 193.5 6.340090850282432e-09 0.4
74.7815448422298 202.5 5.588534284585071e-09 0.4
74.7815448422298 211.5 5.003174676955725e-09 0.4
74.7815448422298 220.5 4.909465167664851e-09 0.4
74.7815448422298 229.5 5.061991526914853e-09 0.4
74.7815448422298 238.5 5.587786797435922e-09 0.4
74.7815448422298 247.5 6.569810542857449e-09 0.4
74.7815448422298 256.5 7.395848987883053e-09 0.4
74.7815448422298 265.5 7.931979893377883e-09 0.4
74.7815448422298 274.5 8.106564073209605e-09 0.4
74.7815448422298 283.5 7.575272299063348e-09 0.4
74.7815448422298 292.5 7.071752167126419e-09 0.4
74.7815448422298 301.5 6.935960510369438e-09 0.4
74.7815448422298 310.5 6.868981813820761e-09 0.4
74.7815448422298 319.5 7.132921600719816e-09 0.4
74.7815448422298 328.5 7.4167450515190396e-09 0.4
74.7815448422298 337.5 7.85622989467978e-09 0.4
74.7815448422298 346.5 8.273392393390475e-09 0.4
74.7815448422298 355.5 8.249190073317274e-09 0.4
73.29165628434475 4.5 8.054893326992929e-09 0.4
73.29165628434475 13.5 7.452720773910174e-09 0.4
73.29165628434475 22.5 6.492767495481447e-09 0.4
73.29165628434475 31.5 5.617928342142985e-09 0.4
73.29165628434475 40.5 5.173899644683236e-09 0.4
73.29165628434475 49.5 5.101124994638124e-09 0.4
73.29165628434475 58.5 5.307637819444944e-09 0.4
73.29165628434475 67.5 5.7570982991734685e-09 0.4
73.29165628434475 76.5 6.343512178639813e-09 0.4
73.29165628434475 85.5 6.629929695434674e-09 0.4
73.29165628434475 94.5 6.902222365386811e-09 0.4
73.29165628434475 103.5 7.087349894346186e-09 0.4
73.29165628434475 112.5 6.984264907861867e-09 0.4
73.29165628434475 121.5 6.858933400001237e-09 0.4
73.29165628434475 130.5 6.934106553087821e-09 0.4
73.29165628434475 139.5 7.146595997906923e-09 0.4
73.29165628434475 148.5 7.576730634844987e-09 0.4
73.29165628434475 157.5 8.030060917655407e-09 0.4
73.29165628434475 166.5 8.287330563590558e-09 0.4
73.29165628434475 175.5 8.176617458729995e-09 0.4
73.29165628434475 184.5 7.413022590474594e-09 0.4
73.29165628434475 193.5 6.30254776622435e-09 0.4
73.29165628434475 202.5 5.59414803767119e-09 0.4
73.29165628434475 211.5 5.0083765058643864e-09 0.4
73.29165628434475 220.5 4.915058570149733e-09 0.4
73.29165628434475 229.5 5.062196834198317e-09 0.4
73.29165628434475 238.5 5.58349881684301e-09 0.4
73.29165628434475 247.5 6.545569474353415e-09 0.4
73.29165628434475 256.5 7.371205403838983e-09 0.4
73.29165628434475 265.5 7.981595273541217e-09 0.4
73.29165628434475 274.5 8.11535079000738e-09 0.4
73.29165628434475 283.5 7.584515309156318e-09 0.4
73.29165628434475 292.5 7.0717125291634665e-09 0.4
73.29165628434475 301.5 6.941688731345579e-09 0.4
73.29165628434475 310.5 6.877757906856141e-09 0.4
73.29165628434475 319.5 7.141499141853319e-09 0.4
73.29165628434475 328.5 7.430412922515737e-09 0.4
73.29165628434475 337.5 7.814749037786507e-09 0.4
73.29165628434475 346.5 8.259223415460108e-09 0.4
73.29165628434475 355.5 8.220798218577171e-09 0.4
71.790043135717 4.5 8.041868348886681e-09 0.4
71.790043135717 13.5 7.51050963876156e-09 0.4
71.790043135717 22.5 6.5806590479459335e-09 0.4
71.790043135717 31.5 5.686053939478755e-09 0.4
71.790043135717 40.5 5.240717815444332e-09 0.4
71.790043135717 49.5 5.116038266741798e-09 0.4
71.790043135717 58.5 5.3015481198601896e-09 0.4
71.790043135717 67.5 5.713083026439623e-09 0.4
71.790043135717 76.5 6.276316401682872e-09 0.4
71.790043135717 85.5 6.59065039527506e-09 0.4
71.790043135717 94.5 6.872157842030924e-09 0.4
71.790043135717 103.5 7.062738235876124e-09 0.4
71.790043135717 112.5 6.983156210401961e-09 0.4
71.790043135717 121.5 6.8726787167303655e-09 0.4
71.790043135717 130.5 6.958775715071765e-09 0.4
71.790043135717 139.5 7.168013854931765e-09 0.4
71.790043135717 148.5 7.61413099112008e-09 0.4
71.790043135717 157.5 8.031763276732211e-09 0.4
71.790043135717 166.5 8.277723565058717e-09 0.4
71.790043135717 175.5 8.182333680900053e-09 0.4
71.790043135717 184.5 7.358401691341853e-09 0.4
71.790043135717 193.5 6.271435046972009e-09 0.4
71.790043135717 202.5 5.5776408220842905e-09 0.4
71.790043135717 211.5 5.013692315726921e-09 0.4
71.790043135717 220.5 4.923627589883319e-09 0.4
71.790043135717 229.5 5.0662503667941976e-09 0.4
71.790043135717 238.5 5.574689383732195e-09 0.4
71.790043135717 247.5 6.512958562889842e-09 0.4
71.790043135717 256.5 7.340305305632483e-09 0.4
71.790043135717 265.5 7.985474697100615e-09 0.4
71.790043135717 274.5 8.126266116485149e-09 0.4
71.790043135717 283.5 7.58749276821414e-09 0.4
71.790043135717 292.5 7.072123260037574e-09 0.4
71.790043135717 301.5 6.941639188665207e-09 0.4
71.790043135717 310.5 6.887259248187578e-09 0.4
71.790043135717 319.5 7.1516308868732665e-09 0.4
71.790043135717 328.5 7.446448190963027e-09 0.4
71.790043135717 337.5 7.776749263589184e-09 0.4
71.790043135717 346.5 8.232752391262849e-09 0.4
71.790043135717 355.5 8.188981672035994e-09 0.4
70.27536644129832 4.5 8.024678854163152e-09 0.4
70.27536644129832 13.5 7.573058650434603e-09 0.4
70.27536644129832 22.5 6.676392585556219e-09 0.4
70.27536644129832 31.5 5.761853082335004e-09 0.4
70.27536644129832 40.5 5.314422074349612e-09 0.4
70.27536644129832 49.5 5.136015772140312e-09 0.4
70.27536644129832 58.5 5.297684341675003e-09 0.4
70.27536644129832 67.5 5.673186980097302e-09 0.4
70.27536644129832 76.5 6.208261829525235e-09 0.4
70.27536644129832 85.5 6.514151694899829e-09 0.4
70.27536644129832 94.5 6.818263094252481e-09 0.4
70.27536644129832 103.5 7.0256855073816954e-09 0.4
70.27536644129832 112.5 6.984784100901028e-09 0.4
70.27536644129832 121.5 6.884637953334584e-09 0.4
70.27536644129832 130.5 6.97365819030762e-09 0.4
70.27536644129832 139.5 7.1939290781815425e-09 0.4
70.27536644129832 148.5 7.657213410236273e-09 0.4
70.27536644129832 157.5 8.039036383101605e-09 0.4
70.27536644129832 166.5 8.272612406002492e-09 0.4
70.27536644129832 175.5 8.150046106975452e-09 0.4
70.27536644129832 184.5 7.310084549019218e-09 0.4
70.27536644129832 193.5 6.2469496415393735e-09 0.4
70.27536644129832 202.5 5.559172816445818e-09 0.4
70.27536644129832 211.5 5.023052176782664e-09 0.4
70.27536644129832 220.5 4.935893959023399e-09 0.4
70.27536644129832 229.5 5.0723218426876596e-09 0.4
70.27536644129832 238.5 5.565735049104167e-09 0.4
70.27536644129832 247.5 6.471696170983281e-09 0.4
70.27536644129832 256.5 7.297911696521617e-09 0.4
70.27536644129832 265.5 7.98946937536832e-09 0.4
70.27536644129832 274.5 8.130634801575934e-09 0.4
70.27536644129832 283.5 7.585589048717852e-09 0.4
70.27536644129832 292.5 7.073010834187579e-09 0.4
70.27536644129832 301.5 6.941428579898013e-09 0.4
70.27536644129832 310.5 6.8974472224303266e-09 0.4
70.27536644129832 319.5 7.1632417224716975e-09 0.4
70.27536644129832 328.5 7.450892824470327e-09 0.4
70.27536644129832 337.5 7.740307559032079e-09 0.4
70.27536644129832 346.5 8.187566116322334e-09 0.4
70.27536644129832 355.5 8.15402764137926e-09 0.4
68.74619081464031 4.5 8.008101527421893e-09 0.4
68.74619081464031 13.5 7.635240092542463e-09 0.4
68.74619081464031 22.5 6.779023474629072e-09 0.4
68.74619081464031 31.5 5.847240575967005e-09 0.4
68.74619081464031 40.5 5.39636935164196e-09 0.4
68.74619081464031 49.5 5.1651532769976345e-09 0.4
68.74619081464031 58.5 5.301115182389002e-09 0.4
68.74619081464031 67.5 5.634574547600254e-09 0.4
68.74619081464031 76.5 6.139393592952901e-09 0.4
68.74619081464031 85.5 6.421471959301055e-09 0.4
68.74619081464031 94.5 6.731400350618637e-09 0.4
68.74619081464031 103.5 6.981149820192542e-09 0.4
68.74619081464031 112.5 6.989207547338468e-09 0.4
68.74619081464031 121.5 6.899101548844541e-09 0.4
68.74619081464031 130.5 6.987231715296291e-09 0.4
68.74619081464031 139.5 7.224616409599035e-09 0.4
68.74619081464031 148.5 7.68333563088158e-09 0.4
68.74619081464031 157.5 8.052232453976494e-09 0.4
68.74619081464031 166.5 8.271971443558307e-09 0.4
68.74619081464031 175.5 8.114322097034222e-09 0.4
68.74619081464031 184.5 7.256381947641967e-09 0.4
68.74619081464031 193.5 6.229275635050614e-09 0.4
68.74619081464031 202.5 5.544754752887865e-09 0.4
68.74619081464031 211.5 5.0364995763029935e-09 0.4
68.74619081464031 220.5 4.952082296106188e-09 0.4
68.74619081464031 229.5 5.076345729904547e-09 0.4
68.74619081464031 238.5 5.5558615432522865e-09 0.4
68.74619081464031 247.5 6.427628154240963e-09 0.4
68.74619081464031 256.5 7.2517767263919354e-09 0.4
68.74619081464031 265.5 7.990681753345622e-09 0.4
68.74619081464031 274.5 8.098634862748981e-09 0.4
68.74619081464031 283.5 7.573073791374981e-09 0.4
68.74619081464031 292.5 7.071139044027565e-09 0.4
68.74619081464031 301.5 6.9363023634864375e-09 0.4
68.74619081464031 310.5 6.908259243421462e-09 0.4
68.74619081464031 319.5 7.175949105310481e-09 0.4
68.74619081464031 328.5 7.428156034609628e-09 0.4
68.74619081464031 337.5 7.706349771320289e-09 0.4
68.74619081464031 346.5 8.141997759285213e-09 0.4
68.74619081464031 355.5 8.120278251380825e-09 0.4
67.20096872811118 4.5 7.993989952708464e-09 0.4
67.20096872811118 13.5 7.700562359677227e-09 0.4
67.20096872811118 22.5 6.885875271463389e-09 0.4
67.20096872811118 31.5 5.942118150432849e-09 0.4
67.20096872811118 40.5 5.4875114909634644e-09 0.4
67.20096872811118 49.5 5.20063187735739e-09 0.4
67.20096872811118 58.5 5.31118390582471e-09 0.4
67.20096872811118 67.5 5.6017763794483744e-09 0.4
67.20096872811118 76.5 6.072326330308133e-09 0.4
67.20096872811118 85.5 6.330781831353183e-09 0.4
67.20096872811118 94.5 6.644205922924001e-09 0.4
67.20096872811118 103.5 6.908158429571911e-09 0.4
67.20096872811118 112.5 6.9968704372390506e-09 0.4
67.20096872811118 121.5 6.9177961232432175e-09 0.4
67.20096872811118 130.5 7.005494265594501e-09 0.4
67.20096872811118 139.5 7.25605105812561e-09 0.4
67.20096872811118 148.5 7.6965112145364e-09 0.4
67.20096872811118 157.5 8.07047714188427e-09 0.4
67.20096872811118 166.5 8.27442555429327e-09 0.4
67.20096872811118 175.5 8.080165691166694e-09 0.4
67.20096872811118 184.5 7.2048177030215986e-09 0.4
67.20096872811118 193.5 6.218649541979899e-09 0.4
67.20096872811118 202.5 5.526926393808729e-09 0.4
67.20096872811118 211.5 5.0541432504584254e-09 0.4
67.20096872811118 220.5 4.967817714473342e-09 0.4
67.20096872811118 229.5 5.084898931519092e-09 0.4
67.20096872811118 238.5 5.543700496050517e-09 0.4
67.20096872811118 247.5 6.3717920213465924e-09 0.4
67.20096872811118 256.5 7.2023773759348345e-09 0.4
67.20096872811118 265.5 7.970706594441553e-09 0.4
67.20096872811118 274.5 8.062470357136243e-09 0.4
67.20096872811118 283.5 7.555644503384521e-09 0.4
67.20096872811118 292.5 7.060313090624452e-09 0.4
67.20096872811118 301.5 6.932012686364637e-09 0.4
67.20096872811118 310.5 6.918924650386969e-09 0.4
67.20096872811118 319.5 7.189504290234167e-09 0.4
67.20096872811118 328.5 7.407672759499447e-09 0.4
67.20096872811118 337.5 7.676478058048485e-09 0.4
67.20096872811118 346.5 8.096806783400418e-09 0.4
67.20096872811118 355.5 8.089956893070789e-09 0.4
65.63802206002008 4.5 7.980930929720687e-09 0.4
65.63802206002008 13.5 7.754554794351276e-09 0.4
65.63802206002008 22.5 6.9991657245419006e-09 0.4
65.63802206002008 31.5 6.047477585209548e-09 0.4
65.63802206002008 40.5 5.587599011356001e-09 0.4
65.63802206002008 49.5 5.2450841968105325e-09 0.4
65.63802206002008 58.5 5.326200241575076e-09 0.4
65.63802206002008 67.5 5.574949402400668e-09 0.4
65.63802206002008 76.5 6.005771139629747e-09 0.4
65.63802206002008 85.5 6.242436806246115e-09 0.4
65.63802206002008 94.5 6.557184068083897e-09 0.4
65.63802206002008 103.5 6.833946009228675e-09 0.4
65.63802206002008 112.5 7.00691268732333e-09 0.4
65.63802206002008 121.5 6.941203996226169e-09 0.4
65.63802206002008 130.5 7.028417646487458e-09 0.4
65.63802206002008 139.5 7.293169712907946e-09 0.4
65.63802206002008 148.5 7.70544492373889e-09 0.4
65.63802206002008 157.5 8.08294694339312e-09 0.4
65.63802206002008 166.5 8.278609204989218e-09 0.4
65.63802206002008 175.5 8.0486619641359e-09 0.4
65.63802206002008 184.5 7.161010173704069e-09 0.4
65.63802206002008 193.5 6.215266276140686e-09 0.4
65.63802206002008 202.5 5.514207467914379e-09 0.4
65.63802206002008 211.5 5.07605097700096e-09 0.4
65.63802206002008 220.5 4.987874606023751e-09 0.4
65.63802206002008 229.5 5.095931700558343e-09 0.4
65.63802206002008 238.5 5.5346196223218145e-09 0.4
65.63802206002008 247.5 6.315288419461636e-09 0.4
65.63802206002008 256.5 7.148833352005588e-09 0.4
65.63802206002008 265.5 7.921535326883642e-09 0.4
65.63802206002008 274.5 8.023378178794125e-09 0.4
65.63802206002008 283.5 7.531723663179409e-09 0.4
65.63802206002008 292.5 7.050399063821374e-09 0.4
65.63802206002008 301.5 6.9246516435737874e-09 0.4
65.63802206002008 310.5 6.927876958418464e-09 0.4
65.63802206002008 319.5 7.200789783789845e-09 0.4
65.63802206002008 328.5 7.390416920701744e-09 0.4
65.63802206002008 337.5 7.650097219952081e-09 0.4
65.63802206002008 346.5 8.055139431730488e-09 0.4
65.63802206002008 355.5 8.059869691062883e-09 0.4
64.05552022763 4.5 7.969083705159654e-09 0.4
64.05552022763 13.5 7.77502120354376e-09 0.4
64.05552022763 22.5 7.0970620570118385e-09 0.4
64.05552022763 31.5 6.1637447472508656e-09 0.4
64.05552022763 40.5 5.6706663662284336e-09 0.4
64.05552022763 49.5 5.301847593023989e-09 0.4
64.05552022763 58.5 5.3506686772299475e-09 0.4
64.05552022763 67.5 5.55025201884025e-09 0.4
64.05552022763 76.5 5.941541771247657e-09 0.4
64.05552022763 85.5 6.1574234377591855e-09 0.4
64.05552022763 94.5 6.471061600528829e-09 0.4
64.05552022763 103.5 6.760295763099556e-09 0.4
64.05552022763 112.5 6.990552806097734e-09 0.4
64.05552022763 121.5 6.969935710334388e-09 0.4
64.05552022763 130.5 7.0574727830726455e-09 0.4
64.05552022763 139.5 7.337601333998076e-09 0.4
64.05552022763 148.5 7.71356053458519e-09 0.4
64.05552022763 157.5 8.096641946612375e-09 0.4
64.05552022763 166.5 8.28459837260578e-09 0.4
64.05552022763 175.5 8.019723236323371e-09 0.4
64.05552022763 184.5 7.125077465127191e-09 0.4
64.05552022763 193.5 6.214840597352395e-09 0.4
64.05552022763 202.5 5.5069636567067664e-09 0.4
64.05552022763 211.5 5.1010441374517905e-09 0.4
64.05552022763 220.5 5.010684230955932e-09 0.4
64.05552022763 229.5 5.105885575780792e-09 0.4
64.05552022763 238.5 5.520917129082774e-09 0.4
64.05552022763 247.5 6.25493521721535e-09 0.4
64.05552022763 256.5 7.098329648651971e-09 0.4
64.05552022763 265.5 7.870137116143001e-09 0.4
64.05552022763 274.5 7.98531457412204e-09 0.4
64.05552022763 283.5 7.502477331593905e-09 0.4
64.05552022763 292.5 7.042233096498561e-09 0.4
64.05552022763 301.5 6.917733398884452e-09 0.4
64.05552022763 310.5 6.935270029026576e-09 0.4
64.05552022763 319.5 7.190522808565663e-09 0.4
64.05552022763 328.5 7.376633945586418e-09 0.4
64.05552022763 337.5 7.628373508347729e-09 0.4
64.05552022763 346.5 8.017519141013099e-09 0.4
64.05552022763 355.5 8.030032562372487e-09 0.4
62.45145404051587 4.5 7.960298630513253e-09 0.4
62.45145404051587 13.5 7.791946077591579e-09 0.4
62.45145404051587 22.5 7.164588392179277e-09 0.4
62.45145404051587 31.5 6.288968708594148e-09 0.4
62.45145404051587 40.5 5.741879853394587e-09 0.4
62.45145404051587 49.5 5.368126462227777e-09 0.4
62.45145404051587 58.5 5.381545691398468e-09 0.4
62.45145404051587 67.5 5.534850591665353e-09 0.4
62.45145404051587 76.5 5.877203912232124e-09 0.4
62.45145404051587 85.5 6.076966786160329e-09 0.4
62.45145404051587 94.5 6.3868937859245065e-09 0.4
62.45145404051587 103.5 6.688313246715089e-09 0.4
62.45145404051587 112.5 6.934610845541398e-09 0.4
62.45145404051587 121.5 6.993404433953023e-09 0.4
62.45145404051587 130.5 7.093617309742291e-09 0.4
62.45145404051587 139.5 7.387928005487595e-09 0.4
62.45145404051587 148.5 7.72072986089403e-09 0.4
62.45145404051587 157.5 8.111854854215562e-09 0.4
62.45145404051587 166.5 8.293669489653887e-09 0.4
62.45145404051587 175.5 7.996846893928496e-09 0.4
62.45145404051587 184.5 7.0970473194456886e-09 0.4
62.45145404051587 193.5 6.220826081723811e-09 0.4
62.45145404051587 202.5 5.505393400961019e-09 0.4
62.45145404051587 211.5 5.130748814742663e-09 0.4
62.45145404051587 220.5 5.036965084118463e-09 0.4
62.45145404051587 229.5 5.121279805198567e-09 0.4
62.45145404051587 238.5 5.513523307804528e-09 0.4
62.45145404051587 247.5 6.1902119154213135e-09 0.4
62.45145404051587 256.5 7.045411598980026e-09 0.4
62.45145404051587 265.5 7.758976983015649e-09 0.4
62.45145404051587 274.5 7.949793967012534e-09 0.4
62.45145404051587 283.5 7.462811026699454e-09 0.4
62.45145404051587 292.5 7.0332506592322394e-09 0.4
62.45145404051587 301.5 6.912480902909517e-09 0.4
62.45145404051587 310.5 6.938462740736222e-09 0.4
62.45145404051587 319.5 7.170128303771512e-09 0.4
62.45145404051587 328.5 7.364032462842962e-09 0.4
62.45145404051587 337.5 7.610393714772825e-09 0.4
62.45145404051587 346.5 7.983760554187474e-09 0.4
62.45145404051587 355.5 8.004438152180178e-09 0.4
60.82360414498552 4.5 7.93999475540048e-09 0.4
60.82360414498552 13.5 7.812035093659826e-09 0.4
60.82360414498552 22.5 7.238996365390862e-09 0.4
60.82360414498552 31.5 6.423742515227341e-09 0.4
60.82360414498552 40.5 5.8261554330221455e-09 0.4
60.82360414498552 49.5 5.449500404423528e-09 0.4
60.82360414498552 58.5 5.422321528993566e-09 0.4
60.82360414498552 67.5 5.525776494109822e-09 0.4
60.82360414498552 76.5 5.818255540747262e-09 0.4
60.82360414498552 85.5 6.0018124822690076e-09 0.4
60.82360414498552 94.5 6.306477206943593e-09 0.4
60.82360414498552 103.5 6.619133919774306e-09 0.4
60.82360414498552 112.5 6.881879406406589e-09 0.4
60.82360414498552 121.5 7.014208534964838e-09 0.4
60.82360414498552 130.5 7.137893960861756e-09 0.4
60.82360414498552 139.5 7.40694737492215e-09 0.4
60.82360414498552 148.5 7.736049744859459e-09 0.4
60.82360414498552 157.5 8.134184355924465e-09 0.4
60.82360414498552 166.5 8.307854473448856e-09 0.4
60.82360414498552 175.5 7.982181852564509e-09 0.4
60.82360414498552 184.5 7.077893265594321e-09 0.4
60.82360414498552 193.5 6.234799219596541e-09 0.4
60.82360414498552 202.5 5.509590482221071e-09 0.4
60.82360414498552 211.5 5.165304360795883e-09 0.4
60.82360414498552 220.5 5.065866478105734e-09 0.4
60.82360414498552 229.5 5.14066343394254e-09 0.4
60.82360414498552 238.5 5.501031545211778e-09 0.4
60.82360414498552 247.5 6.126767520036478e-09 0.4
60.82360414498552 256.5 6.998066275252079e-09 0.4
60.82360414498552 265.5 7.637505058169714e-09 0.4
60.82360414498552 274.5 7.918084362792436e-09 0.4
60.82360414498552 283.5 7.425033584316872e-09 0.4
60.82360414498552 292.5 7.0254144714054505e-09 0.4
60.82360414498552 301.5 6.908952895426147e-09 0.4
60.82360414498552 310.5 6.93924133555684e-09 0.4
60.82360414498552 319.5 7.149953296387523e-09 0.4
60.82360414498552 328.5 7.35461526082648e-09 0.4
60.82360414498552 337.5 7.591070964531004e-09 0.4
60.82360414498552 346.5 7.952253358171153e-09 0.4
60.82360414498552 355.5 7.980559344731443e-09 0.4
59.169502568212096 4.5 7.917352746429996e-09 0.4
59.169502568212096 13.5 7.830957736617928e-09 0.4
59.169502568212096 22.5 7.3228191512374075e-09 0.4
59.169502568212096 31.5 6.556221130609569e-09 0.4
59.169502568212096 40.5 5.925679987889864e-09 0.4
59.169502568212096 49.5 5.542761428099745e-09 0.4
59.169502568212096 58.5 5.4626703546193684e-09 0.4
59.169502568212096 67.5 5.529044709102617e-09 0.4
59.169502568212096 76.5 5.768341431509739e-09 0.4
59.169502568212096 85.5 5.9322129338629005e-09 0.4
59.169502568212096 94.5 6.23031661886052e-09 0.4
59.169502568212096 103.5 6.5537726653792e-09 0.4
59.169502568212096 112.5 6.833695106715288e-09 0.4
59.169502568212096 121.5 7.035829286594482e-09 0.4
59.169502568212096 130.5 7.1853516851458015e-09 0.4
59.169502568212096 139.5 7.434497533164639e-09 0.4
59.169502568212096 148.5 7.760307718084997e-09 0.4
59.169502568212096 157.5 8.164005072989351e-09 0.4
59.169502568212096 166.5 8.329136933101664e-09 0.4
59.169502568212096 175.5 7.940493885389645e-09 0.4
59.169502568212096 184.5 7.068520472546092e-09 0.4
59.169502568212096 193.5 6.256823184310428e-09 0.4
59.169502568212096 202.5 5.519588834978143e-09 0.4
59.169502568212096 211.5 5.20463791326173e-09 0.4
59.169502568212096 220.5 5.096861479911137e-09 0.4
59.169502568212096 229.5 5.159873084126515e-09 0.4
59.169502568212096 238.5 5.495523151913233e-09 0.4
59.169502568212096 247.5 6.057847961248041e-09 0.4
59.169502568212096 256.5 6.83866870624937e-09 0.4
59.169502568212096 265.5 7.518267545290768e-09 0.4
59.169502568212096 274.5 7.890891251483279e-09 0.4
59.169502568212096 283.5 7.3920236327621295e-09 0.4
59.169502568212096 292.5 7.020970022949363e-09 0.4
59.169502568212096 301.5 6.906590639471171e-09 0.4
59.169502568212096 310.5 6.9393675244167395e-09 0.4
59.169502568212096 319.5 7.133628210195606e-09 0.4
59.169502568212096 328.5 7.346060844593971e-09 0.4
59.169502568212096 337.5 7.572455991168862e-09 0.4
59.169502568212096 346.5 7.916778671445e-09 0.4
59.169502568212096 355.5 7.955488067908627e-09 0.4
57.48638536677864 4.5 7.899274481600327e-09 0.4
57.48638536677864 13.5 7.852724472382372e-09 0.4
57.48638536677864 22.5 7.415862248911306e-09 0.4
57.48638536677864 31.5 6.695550430331227e-09 0.4
57.48638536677864 40.5 6.041792662778503e-09 0.4
57.48638536677864 49.5 5.654010231861315e-09 0.4
57.48638536677864 58.5 5.513377527418617e-09 0.4
57.48638536677864 67.5 5.54563000937641e-09 0.4
57.48638536677864 76.5 5.729694054435115e-09 0.4
57.48638536677864 85.5 5.872186456913005e-09 0.4
57.48638536677864 94.5 6.160639023375938e-09 0.4
57.48638536677864 103.5 6.4925759366588666e-09 0.4
57.48638536677864 112.5 6.790260470887961e-09 0.4
57.48638536677864 121.5 7.013497124713379e-09 0.4
57.48638536677864 130.5 7.2330474439440945e-09 0.4
57.48638536677864 139.5 7.471010796096405e-09 0.4
57.48638536677864 148.5 7.79378223278465e-09 0.4
57.48638536677864 157.5 8.20162720912384e-09 0.4
57.48638536677864 166.5 8.35926536255404e-09 0.4
57.48638536677864 175.5 7.894015608703797e-09 0.4
57.48638536677864 184.5 7.06956453975603e-09 0.4
57.48638536677864 193.5 6.278892616840344e-09 0.4
57.48638536677864 202.5 5.535753524446233e-09 0.4
57.48638536677864 211.5 5.246289106081881e-09 0.4
57.48638536677864 220.5 5.133070993430952e-09 0.4
57.48638536677864 229.5 5.1851773564428255e-09 0.4
57.48638536677864 238.5 5.486987902923413e-09 0.4
57.48638536677864 247.5 5.995241303906159e-09 0.4
57.48638536677864 256.5 6.68547677319568e-09 0.4
57.48638536677864 265.5 7.410382947570281e-09 0.4
57.48638536677864 274.5 7.868346994676288e-09 0.4
57.48638536677864 283.5 7.352160978441521e-09 0.4
57.48638536677864 292.5 7.020065698517414e-09 0.4
57.48638536677864 301.5 6.906046935870104e-09 0.4
57.48638536677864 310.5 6.940780235696291e-09 0.4
57.48638536677864 319.5 7.119052027822397e-09 0.4
57.48638536677864 328.5 7.3332865023731114e-09 0.4
57.48638536677864 337.5 7.556901739395863e-09 0.4
57.48638536677864 346.5 7.882850230078698e-09 0.4
57.48638536677864 355.5 7.934929454093814e-09 0.4
55.771133672187425 4.5 7.885606181488147e-09 0.4
55.771133672187425 13.5 7.878884386826171e-09 0.4
55.771133672187425 22.5 7.516536496717367e-09 0.4
55.771133672187425 31.5 6.8452156742850305e-09 0.4
55.771133672187425 40.5 6.176300033629303e-09 0.4
55.771133672187425 49.5 5.785754372537519e-09 0.4
55.771133672187425 58.5 5.581775107708178e-09 0.4
55.771133672187425 67.5 5.575651981156549e-09 0.4
55.771133672187425 76.5 5.7055155914915336e-09 0.4
55.771133672187425 85.5 5.824475975825201e-09 0.4
55.771133672187425 94.5 6.101043660985284e-09 0.4
55.771133672187425 103.5 6.439733954055303e-09 0.4
55.771133672187425 112.5 6.755535075018552e-09 0.4
55.771133672187425 121.5 7.000681232967805e-09 0.4
55.771133672187425 130.5 7.245073652387161e-09 0.4
55.771133672187425 139.5 7.518619869283727e-09 0.4
55.771133672187425 148.5 7.83884651230543e-09 0.4
55.771133672187425 157.5 8.248146802761052e-09 0.4
55.771133672187425 166.5 8.387957501331192e-09 0.4
55.771133672187425 175.5 7.857358469756363e-09 0.4
55.771133672187425 184.5 7.052969433695627e-09 0.4
55.771133672187425 193.5 6.306464278961848e-09 0.4
55.771133672187425 202.5 5.558302808892106e-09 0.4
55.771133672187425 211.5 5.285347102331872e-09 0.4
55.771133672187425 220.5 5.1746219675894765e-09 0.4
55.771133672187425 229.5 5.214655160293934e-09 0.4
55.771133672187425 238.5 5.485965711694666e-09 0.4
55.771133672187425 247.5 5.934433682079076e-09 0.4
55.771133672187425 256.5 6.540259899562924e-09 0.4
55.771133672187425 265.5 7.178765497010658e-09 0.4
55.771133672187425 274.5 7.504457796442e-09 0.4
55.771133672187425 283.5 7.301712013340615e-09 0.4
55.771133672187425 292.5 7.021470985167848e-09 0.4
55.771133672187425 301.5 6.908394692534225e-09 0.4
55.771133672187425 310.5 6.943750998428204e-09 0.4
55.771133672187425 319.5 7.108094821952529e-09 0.4
55.771133672187425 328.5 7.326054689022476e-09 0.4
55.771133672187425 337.5 7.545890986543423e-09 0.4
55.771133672187425 346.5 7.852699322436506e-09 0.4
55.771133672187425 355.5 7.918504746092172e-09 0.4
54.020199402525776 4.5 7.876356519630182e-09 0.4
54.020199402525776 13.5 7.908230773504505e-09 0.4
54.020199402525776 22.5 7.626687157192578e-09 0.4
54.020199402525776 31.5 7.010952614961783e-09 0.4
54.020199402525776 40.5 6.328709785854929e-09 0.4
54.020199402525776 49.5 5.939755275938967e-09 0.4
54.020199402525776 58.5 5.668925591329166e-09 0.4
54.020199402525776 67.5 5.626092658999316e-09 0.4
54.020199402525776 76.5 5.6984358434892986e-09 0.4
54.020199402525776 85.5 5.792284517309685e-09 0.4
54.020199402525776 94.5 6.054817118218479e-09 0.4
54.020199402525776 103.5 6.398091875540082e-09 0.4
54.020199402525776 112.5 6.732712411345607e-09 0.4
54.020199402525776 121.5 7.000737656019135e-09 0.4
54.020199402525776 130.5 7.26948709710853e-09 0.4
54.020199402525776 139.5 7.579545412069963e-09 0.4
54.020199402525776 148.5 7.897463957766034e-09 0.4
54.020199402525776 157.5 8.305794247048742e-09 0.4
54.020199402525776 166.5 8.379163994692245e-09 0.4
54.020199402525776 175.5 7.831313210590595e-09 0.4
54.020199402525776 184.5 7.042098361778029e-09 0.4
54.020199402525776 193.5 6.303984322660533e-09 0.4
54.020199402525776 202.5 5.587644962113848e-09 0.4
54.020199402525776 211.5 5.324633392424981e-09 0.4
54.020199402525776 220.5 5.221643935042476e-09 0.4
54.020199402525776 229.5 5.245237191686606e-09 0.4
54.020199402525776 238.5 5.482205388763152e-09 0.4
54.020199402525776 247.5 5.878371238024309e-09 0.4
54.020199402525776 256.5 6.395528822633625e-09 0.4
54.020199402525776 265.5 6.929822501746863e-09 0.4
54.020199402525776 274.5 7.1779260396925556e-09 0.4
54.020199402525776 283.5 7.260034181537479e-09 0.4
54.020199402525776 292.5 7.024734920842526e-09 0.4
54.020199402525776 301.5 6.9132779929027446e-09 0.4
54.020199402525776 310.5 6.948618602879602e-09 0.4
54.020199402525776 319.5 7.1024277083993875e-09 0.4
54.020199402525776 328.5 7.31845077187328e-09 0.4
54.020199402525776 337.5 7.533440706777483e-09 0.4
54.020199402525776 346.5 7.818058305075064e-09 0.4
54.020199402525776 355.5 7.898507454472628e-09 0.4
52.22951041136422 4.5 7.869349369499166e-09 0.4
52.22951041136422 13.5 7.935389699316945e-09 0.4
52.22951041136422 22.5 7.744272977519784e-09 0.4
52.22951041136422 31.5 7.190607999228578e-09 0.4
52.22951041136422 40.5 6.501270680472111e-09 0.4
52.22951041136422 49.5 6.11657764699183e-09 0.4
52.22951041136422 58.5 5.777881721363173e-09 0.4
52.22951041136422 67.5 5.694401693071498e-09 0.4
52.22951041136422 76.5 5.712763807887873e-09 0.4
52.22951041136422 85.5 5.779418142003852e-09 0.4
52.22951041136422 94.5 6.025855966786781e-09 0.4
52.22951041136422 103.5 6.3713598204322216e-09 0.4
52.22951041136422 112.5 6.7253361311747815e-09 0.4
52.22951041136422 121.5 7.016927979509142e-09 0.4
52.22951041136422 130.5 7.30980309965651e-09 0.4
52.22951041136422 139.5 7.655389127641979e-09 0.4
52.22951041136422 148.5 7.959504553766482e-09 0.4
52.22951041136422 157.5 8.37574324892624e-09 0.4
52.22951041136422 166.5 8.377781340990846e-09 0.4
52.22951041136422 175.5 7.809113723712585e-09 0.4
52.22951041136422 184.5 7.042639021475026e-09 0.4
52.22951041136422 193.5 6.298263041924088e-09 0.4
52.22951041136422 202.5 5.6242707172470275e-09 0.4
52.22951041136422 211.5 5.367210003166727e-09 0.4
52.22951041136422 220.5 5.271735717590943e-09 0.4
52.22951041136422 229.5 5.28367232283442e-09 0.4
52.22951041136422 238.5 5.48693161568683e-09 0.4
52.22951041136422 247.5 5.8303560976080585e-09 0.4
52.22951041136422 256.5 6.266048255167635e-09 0.4
52.22951041136422 265.5 6.6955320426267525e-09 0.4
52.22951041136422 274.5 6.891323560319409e-09 0.4
52.22951041136422 283.5 7.223906403680898e-09 0.4
52.22951041136422 292.5 7.030981681149273e-09 0.4
52.22951041136422 301.5 6.9194289118383476e-09 0.4
52.22951041136422 310.5 6.955749128868548e-09 0.4
52.22951041136422 319.5 7.096586973303696e-09 0.4
52.22951041136422 328.5 7.314996936658356e-09 0.4
52.22951041136422 337.5 7.523587588172145e-09 0.4
52.22951041136422 346.5 7.787082569007884e-09 0.4
52.22951041136422 355.5 7.88168355938037e-09 0.4
50.39434760613205 4.5 7.866621921300338e-09 0.4
50.39434760613205 13.5 7.961803271203918e-09 0.4
50.39434760613205 22.5 7.860105513956586e-09 0.4
50.39434760613205 31.5 7.3728508654078086e-09 0.4
50.39434760613205 40.5 6.693865309486779e-09 0.4
50.39434760613205 49.5 6.3086242430515685e-09 0.4
50.39434760613205 58.5 5.913970383658612e-09 0.4
50.39434760613205 67.5 5.786547497668327e-09 0.4
50.39434760613205 76.5 5.753166334099984e-09 0.4
50.39434760613205 85.5 5.790420510237805e-09 0.4
50.39434760613205 94.5 6.018821206420511e-09 0.4
50.39434760613205 103.5 6.3640248203035795e-09 0.4
50.39434760613205 112.5 6.737432090525695e-09 0.4
50.39434760613205 121.5 7.053305762051001e-09 0.4
50.39434760613205 130.5 7.369704265856195e-09 0.4
50.39434760613205 139.5 7.747950167471427e-09 0.4
50.39434760613205 148.5 8.032869215519527e-09 0.4
50.39434760613205 157.5 8.451544060387532e-09 0.4
50.39434760613205 166.5 8.386698758000008e-09 0.4
50.39434760613205 175.5 7.788192212302667e-09 0.4
50.39434760613205 184.5 7.053227065449625e-09 0.4
50.39434760613205 193.5 6.291971936365347e-09 0.4
50.39434760613205 202.5 5.668745499878221e-09 0.4
50.39434760613205 211.5 5.414710679734071e-09 0.4
50.39434760613205 220.5 5.319188512254763e-09 0.4
50.39434760613205 229.5 5.3257439328388125e-09 0.4
50.39434760613205 238.5 5.4915723451936e-09 0.4
50.39434760613205 247.5 5.781897345333021e-09 0.4
50.39434760613205 256.5 6.149094340165995e-09 0.4
50.39434760613205 265.5 6.472728580672604e-09 0.4
50.39434760613205 274.5 6.645550738668137e-09 0.4
50.39434760613205 283.5 6.9829411969596785e-09 0.4
50.39434760613205 292.5 7.040466023591182e-09 0.4
50.39434760613205 301.5 6.927882704278755e-09 0.4
50.39434760613205 310.5 6.964443116920978e-09 0.4
50.39434760613205 319.5 7.097395372805374e-09 0.4
50.39434760613205 328.5 7.31740186078329e-09 0.4
50.39434760613205 337.5 7.515534986141466e-09 0.4
50.39434760613205 346.5 7.758984381855782e-09 0.4
50.39434760613205 355.5 7.866792337597108e-09 0.4
48.50918314434817 4.5 7.86883697481987e-09 0.4
48.50918314434817 13.5 7.985742417816493e-09 0.4
48.50918314434817 22.5 7.933970228565335e-09 0.4
48.50918314434817 31.5 7.51339248592075e-09 0.4
48.50918314434817 40.5 6.912028670803122e-09 0.4
48.50918314434817 49.5 6.47765194813068e-09 0.4
48.50918314434817 58.5 6.083774895807843e-09 0.4
48.50918314434817 67.5 5.911027785970787e-09 0.4
48.50918314434817 76.5 5.824885258355631e-09 0.4
48.50918314434817 85.5 5.830738594676377e-09 0.4
48.50918314434817 94.5 6.039298292280575e-09 0.4
48.50918314434817 103.5 6.381605765446187e-09 0.4
48.50918314434817 112.5 6.7741967830735444e-09 0.4
48.50918314434817 121.5 7.114228532714487e-09 0.4
48.50918314434817 130.5 7.453108871943407e-09 0.4
48.50918314434817 139.5 7.840524065958144e-09 0.4
48.50918314434817 148.5 8.126275324148525e-09 0.4
48.50918314434817 157.5 8.513828781072534e-09 0.4
48.50918314434817 166.5 8.40478469611965e-09 0.4
48.50918314434817 175.5 7.776512654559171e-09 0.4
48.50918314434817 184.5 7.071055626275351e-09 0.4
48.50918314434817 193.5 6.294000425884753e-09 0.4
48.50918314434817 202.5 5.72171149094158e-09 0.4
48.50918314434817 211.5 5.468147365988286e-09 0.4
48.50918314434817 220.5 5.373079281850251e-09 0.4
48.50918314434817 229.5 5.3736387681879105e-09 0.4
48.50918314434817 238.5 5.504305036024182e-09 0.4
48.50918314434817 247.5 5.741594297853062e-09 0.4
48.50918314434817 256.5 6.040335341700697e-09 0.4
48.50918314434817 265.5 6.273023940852194e-09 0.4
48.50918314434817 274.5 6.441189677376241e-09 0.4
48.50918314434817 283.5 6.7825071086401425e-09 0.4
48.50918314434817 292.5 7.044786485874342e-09 0.4
48.50918314434817 301.5 6.938846850862576e-09 0.4
48.50918314434817 310.5 6.973781126764921e-09 0.4
48.50918314434817 319.5 7.09679969409759e-09 0.4
48.50918314434817 328.5 7.312942833942497e-09 0.4
48.50918314434817 337.5 7.498015731684262e-09 0.4
48.50918314434817 346.5 7.730416050826487e-09 0.4
48.50918314434817 355.5 7.852505896533402e-09 0.4
46.56746344221023 4.5 7.875944594135034e-09 0.4
46.56746344221023 13.5 8.0008448226174e-09 0.4
46.56746344221023 22.5 7.992799095995332e-09 0.4
46.56746344221023 31.5 7.65706227563947e-09 0.4
46.56746344221023 40.5 7.149375439304703e-09 0.4
46.56746344221023 49.5 6.671565729969755e-09 0.4
46.56746344221023 58.5 6.290786642108231e-09 0.4
46.56746344221023 67.5 6.059540327470038e-09 0.4
46.56746344221023 76.5 5.934073199936455e-09 0.4
46.56746344221023 85.5 5.9068282277097864e-09 0.4
46.56746344221023 94.5 6.09401254676518e-09 0.4
46.56746344221023 103.5 6.4308166680150575e-09 0.4
46.56746344221023 112.5 6.841759932474046e-09 0.4
46.56746344221023 121.5 7.205137449804459e-09 0.4
46.56746344221023 130.5 7.564683144585176e-09 0.4
46.56746344221023 139.5 7.944410443650428e-09 0.4
46.56746344221023 148.5 8.242164175447906e-09 0.4
46.56746344221023 157.5 8.591787455536346e-09 0.4
46.56746344221023 166.5 8.383945018693038e-09 0.4
46.56746344221023 175.5 7.77928696888463e-09 0.4
46.56746344221023 184.5 7.098789507472433e-09 0.4
46.56746344221023 193.5 6.3065119900742435e-09 0.4
46.56746344221023 202.5 5.783748753445767e-09 0.4
46.56746344221023 211.5 5.5283255438710585e-09 0.4
46.56746344221023 220.5 5.433806770250415e-09 0.4
46.56746344221023 229.5 5.427505354429866e-09 0.4
46.56746344221023 238.5 5.521390611750989e-09 0.4
46.56746344221023 247.5 5.710839821036777e-09 0.4
46.56746344221023 256.5 5.940321952086767e-09 0.4
46.56746344221023 265.5 6.097412311093167e-09 0.4
46.56746344221023 274.5 6.2784296750508535e-09 0.4
46.56746344221023 283.5 6.622461785143213e-09 0.4
46.56746344221023 292.5 7.033386472337828e-09 0.4
46.56746344221023 301.5 6.952626596522383e-09 0.4
46.56746344221023 310.5 6.9857783200167105e-09 0.4
46.56746344221023 319.5 7.102211447057234e-09 0.4
46.56746344221023 328.5 7.3089741233367515e-09 0.4
46.56746344221023 337.5 7.484708449845654e-09 0.4
46.56746344221023 346.5 7.701487075956697e-09 0.4
46.56746344221023 355.5 7.84027930888419e-09 0.4
44.561312043575526 4.5 7.88545527926629e-09 0.4
44.561312043575526 13.5 7.99601551845164e-09 0.4
44.561312043575526 22.5 8.052694851793778e-09 0.4
44.561312043575526 31.5 7.818337747025163e-09 0.4
44.561312043575526 40.5 7.3965448531726e-09 0.4
44.561312043575526 49.5 6.89999724519761e-09 0.4
44.561312043575526 58.5 6.536207661410984e-09 0.4
44.561312043575526 67.5 6.245918336361802e-09 0.4
44.561312043575526 76.5 6.0867693706053125e-09 0.4
44.561312043575526 85.5 6.026407983310003e-09 0.4
44.561312043575526 94.5 6.1909737368984225e-09 0.4
44.561312043575526 103.5 6.519749573300713e-09 0.4
44.561312043575526 112.5 6.947390136510812e-09 0.4
44.561312043575526 121.5 7.331710939212882e-09 0.4
44.561312043575526 130.5 7.71029306017038e-09 0.4
44.561312043575526 139.5 8.078133871874869e-09 0.4
44.561312043575526 148.5 8.383910452540369e-09 0.4
44.561312043575526 157.5 8.669189949623853e-09 0.4
44.561312043575526 166.5 8.374531088767905e-09 0.4
44.561312043575526 175.5 7.800592927447301e-09 0.4
44.561312043575526 184.5 7.128539492292922e-09 0.4
44.561312043575526 193.5 6.330827663726208e-09 0.4
44.561312043575526 202.5 5.849498393573193e-09 0.4
44.561312043575526 211.5 5.594874387984452e-09 0.4
44.561312043575526 220.5 5.50190552310912e-09 0.4
44.561312043575526 229.5 5.486691261950738e-09 0.4
44.561312043575526 238.5 5.548146017659176e-09 0.4
44.561312043575526 247.5 5.688450394193278e-09 0.4
44.561312043575526 256.5 5.854137234500691e-09 0.4
44.561312043575526 265.5 5.960214003945496e-09 0.4
44.561312043575526 274.5 6.157184287233509e-09 0.4
44.561312043575526 283.5 6.502325647627431e-09 0.4
44.561312043575526 292.5 6.928726553840356e-09 0.4
44.561312043575526 301.5 6.969583849728666e-09 0.4
44.561312043575526 310.5 7.001044840437571e-09 0.4
44.561312043575526 319.5 7.115587217079974e-09 0.4
44.561312043575526 328.5 7.309036815434983e-09 0.4
44.561312043575526 337.5 7.47594973884216e-09 0.4
44.561312043575526 346.5 7.675611074785469e-09 0.4
44.561312043575526 355.5 7.832807582983392e-09 0.4
42.48111287543235 4.5 7.897179720270573e-09 0.4
42.48111287543235 13.5 7.995213098224564e-09 0.4
42.48111287543235 22.5 8.112452549528503e-09 0.4
42.48111287543235 31.5 7.997085022203267e-09 0.4
42.48111287543235 40.5 7.664899361484054e-09 0.4
42.48111287543235 49.5 7.166916761486649e-09 0.4
42.48111287543235 58.5 6.827700966112425e-09 0.4
42.48111287543235 67.5 6.484461086426474e-09 0.4
42.48111287543235 76.5 6.28894237086369e-09 0.4
42.48111287543235 85.5 6.1985526588412764e-09 0.4
42.48111287543235 94.5 6.339868274538693e-09 0.4
42.48111287543235 103.5 6.658111017361229e-09 0.4
42.48111287543235 112.5 7.099714264148013e-09 0.4
42.48111287543235 121.5 7.499120005163534e-09 0.4
42.48111287543235 130.5 7.896056779181986e-09 0.4
42.48111287543235 139.5 8.247843530001269e-09 0.4
42.48111287543235 148.5 8.555712067844189e-09 0.4
42.48111287543235 157.5 8.71947340333955e-09 0.4
42.48111287543235 166.5 8.381946422281674e-09 0.4
42.48111287543235 175.5 7.797435446967102e-09 0.4
42.48111287543235 184.5 7.136387307499635e-09 0.4
42.48111287543235 193.5 6.368163840905145e-09 0.4
42.48111287543235 202.5 5.9110172268675985e-09 0.4
42.48111287543235 211.5 5.665109011454022e-09 0.4
42.48111287543235 220.5 5.577108415538756e-09 0.4
42.48111287543235 229.5 5.557240102988075e-09 0.4
42.48111287543235 238.5 5.583991162539322e-09 0.4
42.48111287543235 247.5 5.679472043392356e-09 0.4
42.48111287543235 256.5 5.793142439357137e-09 0.4
42.48111287543235 265.5 5.8632392695980224e-09 0.4
42.48111287543235 274.5 6.0770455015289e-09 0.4
42.48111287543235 283.5 6.421297723897737e-09 0.4
42.48111287543235 292.5 6.8270159654989764e-09 0.4
42.48111287543235 301.5 6.9901983709107954e-09 0.4
42.48111287543235 310.5 7.020358349600523e-09 0.4
42.48111287543235 319.5 7.128002199216759e-09 0.4
42.48111287543235 328.5 7.3182819532044765e-09 0.4
42.48111287543235 337.5 7.463100811246196e-09 0.4
42.48111287543235 346.5 7.652158603342225e-09 0.4
42.48111287543235 355.5 7.830796009984907e-09 0.4
40.31490917470875 4.5 7.908133764552947e-09 0.4
40.31490917470875 13.5 7.999531822544981e-09 0.4
40.31490917470875 22.5 8.169316650125637e-09 0.4
40.31490917470875 31.5 8.177570787123848e-09 0.4
40.31490917470875 40.5 7.919820963940873e-09 0.4
40.31490917470875 49.5 7.474445282260434e-09 0.4
40.31490917470875 58.5 7.156305566989438e-09 0.4
40.31490917470875 67.5 6.780797598796249e-09 0.4
40.31490917470875 76.5 6.553409990991572e-09 0.4
40.31490917470875 85.5 6.4342344413298355e-09 0.4
40.31490917470875 94.5 6.552401142653147e-09 0.4
40.31490917470875 103.5 6.857666341231588e-09 0.4
40.31490917470875 112.5 7.308670476323921e-09 0.4
40.31490917470875 121.5 7.720042516064811e-09 0.4
40.31490917470875 130.5 8.127386872500754e-09 0.4
40.31490917470875 139.5 8.438102801668467e-09 0.4
40.31490917470875 148.5 8.75999536040366e-09 0.4
40.31490917470875 157.5 8.789359453297026e-09 0.4
40.31490917470875 166.5 8.397231820998308e-09 0.4
40.31490917470875 175.5 7.811848266286928e-09 0.4
40.31490917470875 184.5 7.119523986496437e-09 0.4
40.31490917470875 193.5 6.4191520549761655e-09 0.4
40.31490917470875 202.5 5.975188084084072e-09 0.4
40.31490917470875 211.5 5.744859087231826e-09 0.4
40.31490917470875 220.5 5.6600390230717075e-09 0.4
40.31490917470875 229.5 5.631919923187762e-09 0.4
40.31490917470875 238.5 5.630155034197547e-09 0.4
40.31490917470875 247.5 5.6887229355895615e-09 0.4
40.31490917470875 256.5 5.7529936631169975e-09 0.4
40.31490917470875 265.5 5.806329404285993e-09 0.4
40.31490917470875 274.5 6.037250341761392e-09 0.4
40.31490917470875 283.5 6.378147033222353e-09 0.4
40.31490917470875 292.5 6.761085083375872e-09 0.4
40.31490917470875 301.5 7.015069005725358e-09 0.4
40.31490917470875 310.5 7.044683316858206e-09 0.4
40.31490917470875 319.5 7.146143134312313e-09 0.4
40.31490917470875 328.5 7.327030656750271e-09 0.4
40.31490917470875 337.5 7.45305180520726e-09 0.4
40.31490917470875 346.5 7.629265205477734e-09 0.4
40.31490917470875 355.5 7.833800897820465e-09 0.4
38.04750745361985 4.5 7.911522316924127e-09 0.4
38.04750745361985 13.5 8.00983253362263e-09 0.4
38.04750745361985 22.5 8.213563850134484e-09 0.4
38.04750745361985 31.5 8.305378193942042e-09 0.4
38.04750745361985 40.5 8.140517076600053e-09 0.4
38.04750745361985 49.5 7.832944391204511e-09 0.4
38.04750745361985 58.5 7.480920400986175e-09 0.4
38.04750745361985 67.5 7.144513847160706e-09 0.4
38.04750745361985 76.5 6.886160623205663e-09 0.4
38.04750745361985 85.5 6.746923022605582e-09 0.4
38.04750745361985 94.5 6.842947641779821e-09 0.4
38.04750745361985 103.5 7.132774666698029e-09 0.4
38.04750745361985 112.5 7.585905557219816e-09 0.4
38.04750745361985 121.5 8.007962508250003e-09 0.4
38.04750745361985 130.5 8.38748877253339e-09 0.4
38.04750745361985 139.5 8.672216838130731e-09 0.4
38.04750745361985 148.5 8.977274504111612e-09 0.4
38.04750745361985 157.5 8.814687537587154e-09 0.4
38.04750745361985 166.5 8.420837837742327e-09 0.4
38.04750745361985 175.5 7.833140827283957e-09 0.4
38.04750745361985 184.5 7.10870090552235e-09 0.4
38.04750745361985 193.5 6.483660449431505e-09 0.4
38.04750745361985 202.5 6.0508822467360235e-09 0.4
38.04750745361985 211.5 5.835615194635206e-09 0.4
38.04750745361985 220.5 5.7529012280776105e-09 0.4
38.04750745361985 229.5 5.712307566379246e-09 0.4
38.04750745361985 238.5 5.6896267058544875e-09 0.4
38.04750745361985 247.5 5.707492014730514e-09 0.4
38.04750745361985 256.5 5.736216491659209e-09 0.4
38.04750745361985 265.5 5.789057863340704e-09 0.4
38.04750745361985 274.5 6.036752143031912e-09 0.4
38.04750745361985 283.5 6.371346288014258e-09 0.4
38.04750745361985 292.5 6.7298201535790545e-09 0.4
38.04750745361985 301.5 7.044181529651001e-09 0.4
38.04750745361985 310.5 7.075261292613782e-09 0.4
38.04750745361985 319.5 7.173703286536149e-09 0.4
38.04750745361985 328.5 7.341661389083365e-09 0.4
38.04750745361985 337.5 7.448593373135461e-09 0.4
38.04750745361985 346.5 7.606628107938282e-09 0.4
38.04750745361985 355.5 7.842389931766575e-09 0.4
35.659087696138755 4.5 7.911765893528963e-09 0.4
35.659087696138755 13.5 8.02563393285062e-09 0.4
35.659087696138755 22.5 8.215162094871463e-09 0.4
35.659087696138755 31.5 8.404753408777264e-09 0.4
35.659087696138755 40.5 8.379068164893476e-09 0.4
35.659087696138755 49.5 8.208768046069185e-09 0.4
35.659087696138755 58.5 7.86052427017986e-09 0.4
35.659087696138755 67.5 7.59105029660875e-09 0.4
35.659087696138755 76.5 7.294609298002964e-09 0.4
35.659087696138755 85.5 7.150140211469024e-09 0.4
35.659087696138755 94.5 7.229281427648836e-09 0.4
35.659087696138755 103.5 7.501258308325682e-09 0.4
35.659087696138755 112.5 7.946794879148566e-09 0.4
35.659087696138755 121.5 8.377490108156171e-09 0.4
35.659087696138755 130.5 8.705515596949331e-09 0.4
35.659087696138755 139.5 8.965570798739843e-09 0.4
35.659087696138755 148.5 9.166528390545948e-09 0.4
35.659087696138755 157.5 8.86828631262222e-09 0.4
35.659087696138755 166.5 8.460353981588533e-09 0.4
35.659087696138755 175.5 7.859628787564456e-09 0.4
35.659087696138755 184.5 7.109720912477972e-09 0.4
35.659087696138755 193.5 6.553172790724719e-09 0.4
35.659087696138755 202.5 6.140417122356598e-09 0.4
35.659087696138755 211.5 5.936376680212223e-09 0.4
35.659087696138755 220.5 5.854186747404062e-09 0.4
35.659087696138755 229.5 5.793699471551803e-09 0.4
35.659087696138755 238.5 5.759559705019754e-09 0.4
35.659087696138755 247.5 5.747739778568075e-09 0.4
35.659087696138755 256.5 5.748024204619356e-09 0.4
35.659087696138755 265.5 5.810822887787604e-09 0.4
35.659087696138755 274.5 6.074201917082562e-09 0.4
35.659087696138755 283.5 6.399211067422203e-09 0.4
35.659087696138755 292.5 6.731668425153719e-09 0.4
35.659087696138755 301.5 7.011297016217057e-09 0.4
35.659087696138755 310.5 7.113614544106692e-09 0.4
35.659087696138755 319.5 7.206550323929307e-09 0.4
35.659087696138755 328.5 7.353562304548363e-09 0.4
35.659087696138755 337.5 7.443790497020727e-09 0.4
35.659087696138755 346.5 7.588171435345767e-09 0.4
35.659087696138755 355.5 7.81267712043407e-09 0.4
33.12294020774379 4.5 7.912261175868019e-09 0.4
33.12294020774379 13.5 8.036857474155134e-09 0.4
33.12294020774379 22.5 8.219925220969119e-09 0.4
33.12294020774379 31.5 8.485129742149211e-09 0.4
33.12294020774379 40.5 8.605799237101608e-09 0.4
33.12294020774379 49.5 8.543989953005446e-09 0.4
33.12294020774379 58.5 8.314641402169286e-09 0.4
33.12294020774379 67.5 8.081561532828772e-09 0.4
33.12294020774379 76.5 7.810413818696656e-09 0.4
33.12294020774379 85.5 7.666198300803724e-09 0.4
33.12294020774379 94.5 7.733411223256202e-09 0.4
33.12294020774379 103.5 7.985546471241986e-09 0.4
33.12294020774379 112.5 8.413160050298838e-09 0.4
33.12294020774379 121.5 8.84132560268893e-09 0.4
33.12294020774379 130.5 9.087787747500734e-09 0.4
33.12294020774379 139.5 9.264948253155806e-09 0.4
33.12294020774379 148.5 9.302761401913615e-09 0.4
33.12294020774379 157.5 8.943321974304476e-09 0.4
33.12294020774379 166.5 8.47463390546333e-09 0.4
33.12294020774379 175.5 7.813099044141187e-09 0.4
33.12294020774379 184.5 7.127894760510547e-09 0.4
33.12294020774379 193.5 6.6109968460514635e-09 0.4
33.12294020774379 202.5 6.245194983025408e-09 0.4
33.12294020774379 211.5 6.052130303549125e-09 0.4
33.12294020774379 220.5 5.967715773041911e-09 0.4
33.12294020774379 229.5 5.891550074587757e-09 0.4
33.12294020774379 238.5 5.848667191425113e-09 0.4
33.12294020774379 247.5 5.80681319503189e-09 0.4
33.12294020774379 256.5 5.776128035061917e-09 0.4
33.12294020774379 265.5 5.8710608315686454e-09 0.4
33.12294020774379 274.5 6.148006304593081e-09 0.4
33.12294020774379 283.5 6.45991895238038e-09 0.4
33.12294020774379 292.5 6.764883058255145e-09 0.4
33.12294020774379 301.5 7.008569438298672e-09 0.4
33.12294020774379 310.5 7.158136170946067e-09 0.4
33.12294020774379 319.5 7.242633560193536e-09 0.4
33.12294020774379 328.5 7.35781737927646e-09 0.4
33.12294020774379 337.5 7.44085707541936e-09 0.4
33.12294020774379 346.5 7.575042183172602e-09 0.4
33.12294020774379 355.5 7.776159317372724e-09 0.4
30.401547663243015 4.5 7.91866419938138e-09 0.4
30.401547663243015 13.5 8.028512520024208e-09 0.4
30.401547663243015 22.5 8.23087886525778e-09 0.4
30.401547663243015 31.5 8.500887468171208e-09 0.4
30.401547663243015 40.5 8.759856475324563e-09 0.4
30.401547663243015 49.5 8.851527859244671e-09 0.4
30.401547663243015 58.5 8.801587987135011e-09 0.4
30.401547663243015 67.5 8.605315144781897e-09 0.4
30.401547663243015 76.5 8.440644999832061e-09 0.4
30.401547663243015 85.5 8.306809514611093e-09 0.4
30.401547663243015 94.5 8.379938730675396e-09 0.4
30.401547663243015 103.5 8.613521667519248e-09 0.4
30.401547663243015 112.5 9.012378328329311e-09 0.4
30.401547663243015 121.5 9.351545892088167e-09 0.4
30.401547663243015 130.5 9.473971116970767e-09 0.4
30.401547663243015 139.5 9.44314654604111e-09 0.4
30.401547663243015 148.5 9.369571599395829e-09 0.4
30.401547663243015 157.5 9.017075612682328e-09 0.4
30.401547663243015 166.5 8.476865158282096e-09 0.4
30.401547663243015 175.5 7.77531235186131e-09 0.4
30.401547663243015 184.5 7.160342199803217e-09 0.4
30.401547663243015 193.5 6.676333183514982e-09 0.4
30.401547663243015 202.5 6.362926851857479e-09 0.4
30.401547663243015 211.5 6.187051480618127e-09 0.4
30.401547663243015 220.5 6.093854595172516e-09 0.4
30.401547663243015 229.5 6.0000860885925955e-09 0.4
30.401547663243015 238.5 5.944040676619249e-09 0.4
30.401547663243015 247.5 5.887036694839093e-09 0.4
30.401547663243015 256.5 5.843115585423419e-09 0.4
30.401547663243015 265.5 5.969367271590944e-09 0.4
30.401547663243015 274.5 6.256255392470462e-09 0.4
30.401547663243015 283.5 6.550827423256419e-09 0.4
30.401547663243015 292.5 6.826543314596995e-09 0.4
30.401547663243015 301.5 7.033582062897824e-09 0.4
30.401547663243015 310.5 7.209820769622996e-09 0.4
30.401547663243015 319.5 7.290077165689143e-09 0.4
30.401547663243015 328.5 7.373690460485818e-09 0.4
30.401547663243015 337.5 7.446046326147017e-09 0.4
30.401547663243015 346.5 7.560438887168588e-09 0.4
30.401547663243015 355.5 7.741260713541739e-09 0.4
27.439240150681094 4.5 7.9146154569435e-09 0.4
27.439240150681094 13.5 8.023642730447418e-09 0.4
27.439240150681094 22.5 8.216963555783995e-09 0.4
27.439240150681094 31.5 8.48817494246647e-09 0.4
27.439240150681094 40.5 8.814084807572696e-09 0.4
27.439240150681094 49.5 9.078975384027685e-09 0.4
27.439240150681094 58.5 9.219106348519735e-09 0.4
27.439240150681094 67.5 9.188479521684935e-09 0.4
27.439240150681094 76.5 9.090040904944967e-09 0.4
27.439240150681094 85.5 9.091208086823091e-09 0.4
27.439240150681094 94.5 9.189372327809518e-09 0.4
27.439240150681094 103.5 9.40523030233284e-09 0.4
27.439240150681094 112.5 9.711838287363944e-09 0.4
27.439240150681094 121.5 9.762093816284971e-09 0.4
27.439240150681094 130.5 9.661639987070947e-09 0.4
27.439240150681094 139.5 9.599302879189608e-09 0.4
27.439240150681094 148.5 9.453761218822963e-09 0.4
27.439240150681094 157.5 9.019760137475367e-09 0.4
27.439240150681094 166.5 8.389386616126113e-09 0.4
27.439240150681094 175.5 7.750901115675505e-09 0.4
27.439240150681094 184.5 7.176102210421397e-09 0.4
27.439240150681094 193.5 6.756321003782506e-09 0.4
27.439240150681094 202.5 6.4975129178833205e-09 0.4
27.439240150681094 211.5 6.345728986044298e-09 0.4
27.439240150681094 220.5 6.237208080138839e-09 0.4
27.439240150681094 229.5 6.130377386441737e-09 0.4
27.439240150681094 238.5 6.0539228984380715e-09 0.4
27.439240150681094 247.5 5.99429574079396e-09 0.4
27.439240150681094 256.5 5.949605068716946e-09 0.4
27.439240150681094 265.5 6.101994143398189e-09 0.4
27.439240150681094 274.5 6.394784233386944e-09 0.4
27.439240150681094 283.5 6.6678861244560165e-09 0.4
27.439240150681094 292.5 6.9126581349486785e-09 0.4
27.439240150681094 301.5 7.082712104679678e-09 0.4
27.439240150681094 310.5 7.232957450188116e-09 0.4
27.439240150681094 319.5 7.3222075796239915e-09 0.4
27.439240150681094 328.5 7.3983290115099065e-09 0.4
27.439240150681094 337.5 7.452906793544175e-09 0.4
27.439240150681094 346.5 7.553757324240908e-09 0.4
27.439240150681094 355.5 7.712659671279566e-09 0.4
24.146847996502373 4.5 7.865571404782363e-09 0.4
24.146847996502373 13.5 8.030626668213768e-09 0.4
24.146847996502373 22.5 8.184717806549994e-09 0.4
24.146847996502373 31.5 8.433549303666976e-09 0.4
24.146847996502373 40.5 8.763195685920787e-09 0.4
24.146847996502373 49.5 9.110812486321857e-09 0.4
24.146847996502373 58.5 9.439208704881909e-09 0.4
24.146847996502373 67.5 9.618992558680998e-09 0.4
24.146847996502373 76.5 9.729740670039942e-09 0.4
24.146847996502373 85.5 9.881184224824193e-09 0.4
24.146847996502373 94.5 9.977055724524999e-09 0.4
24.146847996502373 103.5 1.0003204348985174e-08 0.4
24.146847996502373 112.5 9.953396523381402e-09 0.4
24.146847996502373 121.5 9.889826917395902e-09 0.4
24.146847996502373 130.5 9.792057537584057e-09 0.4
24.146847996502373 139.5 9.59236207812533e-09 0.4
24.146847996502373 148.5 9.316316270190472e-09 0.4
24.146847996502373 157.5 8.88569328913324e-09 0.4
24.146847996502373 166.5 8.294967214771408e-09 0.4
24.146847996502373 175.5 7.703958058287559e-09 0.4
24.146847996502373 184.5 7.213240771445674e-09 0.4
24.146847996502373 193.5 6.856099390293532e-09 0.4
24.146847996502373 202.5 6.631698949732178e-09 0.4
24.146847996502373 211.5 6.522788000883531e-09 0.4
24.146847996502373 220.5 6.401009224554953e-09 0.4
24.146847996502373 229.5 6.279848615626551e-09 0.4
24.146847996502373 238.5 6.185254166240461e-09 0.4
24.146847996502373 247.5 6.114505495673473e-09 0.4
24.146847996502373 256.5 6.099889622699517e-09 0.4
24.146847996502373 265.5 6.275102948055635e-09 0.4
24.146847996502373 274.5 6.565550703638912e-09 0.4
24.146847996502373 283.5 6.813849957552849e-09 0.4
24.146847996502373 292.5 7.025467097208998e-09 0.4
24.146847996502373 301.5 7.14753854781639e-09 0.4
24.146847996502373 310.5 7.233688459074053e-09 0.4
24.146847996502373 319.5 7.361155084467367e-09 0.4
24.146847996502373 328.5 7.418733961161166e-09 0.4
24.146847996502373 337.5 7.46592458489396e-09 0.4
24.146847996502373 346.5 7.559388026155977e-09 0.4
24.146847996502373 355.5 7.692702296379848e-09 0.4
20.364134806317807 4.5 7.822877989490779e-09 0.4
20.364134806317807 13.5 7.996252100369909e-09 0.4
20.364134806317807 22.5 8.170685612735031e-09 0.4
20.364134806317807 31.5 8.356459684038769e-09 0.4
20.364134806317807 40.5 8.609851031767479e-09 0.4
20.364134806317807 49.5 8.915840135966813e-09 0.4
20.364134806317807 58.5 9.258670138104476e-09 0.4
20.364134806317807 67.5 9.554453981004072e-09 0.4
20.364134806317807 76.5 9.799594235992193e-09 0.4
20.364134806317807 85.5 9.926459224350473e-09 0.4
20.364134806317807 94.5 9.959160447377309e-09 0.4
20.364134806317807 103.5 9.937506939583303e-09 0.4
20.364134806317807 112.5 9.87671939484629e-09 0.4
20.364134806317807 121.5 9.764537203759218e-09 0.4
20.364134806317807 130.5 9.586711496741571e-09 0.4
20.364134806317807 139.5 9.317842354985604e-09 0.4
20.364134806317807 148.5 8.97990217646486e-09 0.4
20.364134806317807 157.5 8.590534254627386e-09 0.4
20.364134806317807 166.5 8.141227488889267e-09 0.4
20.364134806317807 175.5 7.667208479377526e-09 0.4
20.364134806317807 184.5 7.274987128140553e-09 0.4
20.364134806317807 193.5 6.983432487875068e-09 0.4
20.364134806317807 202.5 6.786913874295617e-09 0.4
20.364134806317807 211.5 6.649158858218921e-09 0.4
20.364134806317807 220.5 6.537073304052429e-09 0.4
20.364134806317807 229.5 6.451928801363805e-09 0.4
20.364134806317807 238.5 6.3531878322804e-09 0.4
20.364134806317807 247.5 6.272347334654098e-09 0.4
20.364134806317807 256.5 6.286369767053879e-09 0.4
20.364134806317807 265.5 6.494686311285907e-09 0.4
20.364134806317807 274.5 6.773231728298958e-09 0.4
20.364134806317807 283.5 6.989010480631413e-09 0.4
20.364134806317807 292.5 7.136323370818277e-09 0.4
20.364134806317807 301.5 7.1955015584095874e-09 0.4
20.364134806317807 310.5 7.2600165195922125e-09 0.4
20.364134806317807 319.5 7.409797665476253e-09 0.4
20.364134806317807 328.5 7.450061551099062e-09 0.4
20.364134806317807 337.5 7.498879802804458e-09 0.4
20.364134806317807 346.5 7.573294852982888e-09 0.4
20.364134806317807 355.5 7.682620780195926e-09 0.4
15.740548525168737 4.5 7.792477656588868e-09 0.4
15.740548525168737 13.5 7.925628890973187e-09 0.4
15.740548525168737 22.5 8.074454039777573e-09 0.4
15.740548525168737 31.5 8.247593240386001e-09 0.4
15.740548525168737 40.5 8.433423074002381e-09 0.4
15.740548525168737 49.5 8.604810733922592e-09 0.4
15.740548525168737 58.5 8.772785540275027e-09 0.4
15.740548525168737 67.5 8.994651653919993e-09 0.4
15.740548525168737 76.5 9.168316994845242e-09 0.4
15.740548525168737 85.5 9.281301566859018e-09 0.4
15.740548525168737 94.5 9.331925100286376e-09 0.4
15.740548525168737 103.5 9.320414491403492e-09 0.4
15.740548525168737 112.5 9.252123290031711e-09 0.4
15.740548525168737 121.5 9.130812229559371e-09 0.4
15.740548525168737 130.5 8.961568524644178e-09 0.4
15.740548525168737 139.5 8.738200490085595e-09 0.4
15.740548525168737 148.5 8.474789336741543e-09 0.4
15.740548525168737 157.5 8.186626435203727e-09 0.4
15.740548525168737 166.5 7.889892712985725e-09 0.4
15.740548525168737 175.5 7.605178587176614e-09 0.4
15.740548525168737 184.5 7.334135967231647e-09 0.4
15.740548525168737 193.5 7.103680255583183e-09 0.4
15.740548525168737 202.5 6.917580221527525e-09 0.4
15.740548525168737 211.5 6.769951489725841e-09 0.4
15.740548525168737 220.5 6.652855271690229e-09 0.4
15.740548525168737 229.5 6.5578380389387245e-09 0.4
15.740548525168737 238.5 6.479505660642248e-09 0.4
15.740548525168737 247.5 6.416527179144518e-09 0.4
15.740548525168737 256.5 6.471118953799288e-09 0.4
15.740548525168737 265.5 6.675616423404552e-09 0.4
15.740548525168737 274.5 6.91571242158632e-09 0.4
15.740548525168737 283.5 7.0832573955169216e-09 0.4
15.740548525168737 292.5 7.202318402344078e-09 0.4
15.740548525168737 301.5 7.248113115461041e-09 0.4
15.740548525168737 310.5 7.29374620013346e-09 0.4
15.740548525168737 319.5 7.410529194991199e-09 0.4
15.740548525168737 328.5 7.502959541427908e-09 0.4
15.740548525168737 337.5 7.542474132331904e-09 0.4
15.740548525168737 346.5 7.604083460071242e-09 0.4
15.740548525168737 355.5 7.68856705109097e-09 0.4
9.06872154603269 4.5 7.78965770857205e-09 0.4
9.06872154603269 13.5 7.861905183226048e-09 0.4
9.06872154603269 22.5 7.942569801591347e-09 0.4
9.06872154603269 31.5 8.025986440740072e-09 0.4
9.06872154603269 40.5 8.085819128519845e-09 0.4
9.06872154603269 49.5 7.971810140671414e-09 0.4
9.06872154603269 58.5 7.962135066673737e-09 0.4
9.06872154603269 67.5 8.053074654059163e-09 0.4
9.06872154603269 76.5 8.141466157062244e-09 0.4
9.06872154603269 85.5 8.202160272490148e-09 0.4
9.06872154603269 94.5 8.232732720103979e-09 0.4
9.06872154603269 103.5 8.232287470540857e-09 0.4
9.06872154603269 112.5 8.200330530218706e-09 0.4
9.06872154603269 121.5 8.137017414309443e-09 0.4
9.06872154603269 130.5 8.048160334013035e-09 0.4
9.06872154603269 139.5 7.938301772171513e-09 0.4
9.06872154603269 148.5 7.811797618031484e-09 0.4
9.06872154603269 157.5 7.672432064576451e-09 0.4
9.06872154603269 166.5 7.530077579579487e-09 0.4
9.06872154603269 175.5 7.389651184035264e-09 0.4
9.06872154603269 184.5 7.253246367323965e-09 0.4
9.06872154603269 193.5 7.1259724473252676e-09 0.4
9.06872154603269 202.5 7.010363771674503e-09 0.4
9.06872154603269 211.5 6.907563488016854e-09 0.4
9.06872154603269 220.5 6.818490182413775e-09 0.4
9.06872154603269 229.5 6.743948390012577e-09 0.4
9.06872154603269 238.5 6.677481600077728e-09 0.4
9.06872154603269 247.5 6.637009856678731e-09 0.4
9.06872154603269 256.5 6.715882280871145e-09 0.4
9.06872154603269 265.5 6.902050394790958e-09 0.4
9.06872154603269 274.5 7.077417411428252e-09 0.4
9.06872154603269 283.5 7.20648072367644e-09 0.4
9.06872154603269 292.5 7.29683930987968e-09 0.4
9.06872154603269 301.5 7.332104364072482e-09 0.4
9.06872154603269 310.5 7.3692734255714184e-09 0.4
9.06872154603269 319.5 7.472069960651268e-09 0.4
9.06872154603269 328.5 7.608192821939501e-09 0.4
9.06872154603269 337.5 7.637427895508646e-09 0.4
9.06872154603269 346.5 7.677142907454271e-09 0.4
9.06872154603269 355.5 7.727867751913532e-09 0.4
