-87.75 89.28378410380506 7.0564820656158864e-09 0.4
-87.75 87.85090437313598 7.153965874598576e-09 0.4
-87.75 86.41667830152802 7.261186656682073e-09 0.4
-87.75 84.98019986832188 7.378369651140803e-09 0.4
-87.75 83.54055022264492 7.505659102890684e-09 0.4
-87.75 82.09679226651541 7.624900418137012e-09 0.4
-87.75 80.64796494243684 7.742003824635882e-09 0.4
-87.75 79.19307712513965 7.745484256547853e-09 0.4
-87.75 77.73110100404344 7.741164142112603e-09 0.4
-87.75 76.26096482563027 7.735074701513052e-09 0.4
-87.75 74.7815448422298 7.73178140130006e-09 0.4
-87.75 73.29165628434475 7.72919404459261e-09 0.4
-87.75 71.790043135717 7.726957489664014e-09 0.4
-87.75 70.27536644129832 7.708701172528439e-09 0.4
-87.75 68.74619081464031 7.670814799699749e-09 0.4
-87.75 67.20096872811118 7.635149367368269e-09 0.4
-87.75 65.63802206002008 7.601997718833786e-09 0.4
-87.75 64.05552022763 7.571566887277212e-09 0.4
-87.75 62.45145404051587 7.544271323714302e-09 0.4
-87.75 60.82360414498552 7.521600947229415e-09 0.4
-87.75 59.169502568212096 7.478616264820103e-09 0.4
-87.75 57.48638536677864 7.4402982995796375e-09 0.4
-87.75 55.771133672187425 7.410378758138792e-09 0.4
-87.75 54.020199402525776 7.3914492039321055e-09 0.4
-87.75 52.22951041136422 7.3866022421982525e-09 0.4
-87.75 50.39434760613205 7.399416523560409e-09 0.4
-87.75 48.50918314434817 7.433958725680631e-09 0.4
-87.75 46.56746344221023 7.485598629357453e-09 0.4
-87.75 44.561312043575526 7.520873804482514e-09 0.4
-87.75 42.48111287543235 7.463780684865785e-09 0.4
-87.75 40.31490917470875 7.4191477719622475e-09 0.4
-87.75 38.04750745361985 7.3868218119614036e-09 0.4
-87.75 35.659087696138755 7.384515240046324e-09 0.4
-87.75 33.12294020774379 7.411188780986981e-09 0.4
-87.75 30.401547663243015 7.465566678948109e-09 0.4
-87.75 27.439240150681094 7.520722920468054e-09 0.4
-87.75 24.146847996502373 7.5743795511464e-09 0.4
-87.75 20.364134806317807 7.654198994439152e-09 0.4
-87.75 15.740548525168737 7.696478346024655e-09 0.4
-87.75 9.06872154603269 7.703195050111249e-09 0.4
-83.25 89.28378410380506 6.799343296345074e-09 0.4
-83.25 87.85090437313598 6.884124834891417e-09 0.4
-83.25 86.41667830152802 6.977699646314439e-09 0.4
-83.25 84.98019986832188 7.075136897028407e-09 0.4
-83.25 83.54055022264492 7.1617382162480465e-09 0.4
-83.25 82.09679226651541 7.257033743408295e-09 0.4
-83.25 80.64796494243684 7.359040874827388e-09 0.4
-83.25 79.19307712513965 7.46982581345291e-09 0.4
-83.25 77.73110100404344 7.589092181090175e-09 0.4
-83.25 76.26096482563027 7.697237443011978e-09 0.4
-83.25 74.7815448422298 7.775461338251326e-09 0.4
-83.25 73.29165628434475 7.770860028934851e-09 0.4
-83.25 71.790043135717 7.767109167926164e-09 0.4
-83.25 70.27536644129832 7.763104092456895e-09 0.4
-83.25 68.74619081464031 7.733466414263651e-09 0.4
-83.25 67.20096872811118 7.69757586723546e-09 0.4
-83.25 65.63802206002008 7.652677679793906e-09 0.4
-83.25 64.05552022763 7.608165955947459e-09 0.4
-83.25 62.45145404051587 7.564485145564455e-09 0.4
-83.25 60.82360414498552 7.522271384131106e-09 0.4
-83.25 59.169502568212096 7.483260186175642e-09 0.4
-83.25 57.48638536677864 7.449786977628156e-09 0.4
-83.25 55.771133672187425 7.4243162546017694e-09 0.4
-83.25 54.020199402525776 7.409466936762619e-09 0.4
-83.25 52.22951041136422 7.408175270947778e-09 0.4
-83.25 50.39434760613205 7.411053813609604e-09 0.4
-83.25 48.50918314434817 7.421481593552438e-09 0.4
-83.25 46.56746344221023 7.457629896094416e-09 0.4
-83.25 44.561312043575526 7.51532633958237e-09 0.4
-83.25 42.48111287543235 7.440662798200642e-09 0.4
-83.25 40.31490917470875 7.39922335597342e-09 0.4
-83.25 38.04750745361985 7.390083286467923e-09 0.4
-83.25 35.659087696138755 7.398611089306055e-09 0.4
-83.25 33.12294020774379 7.40160842215583e-09 0.4
-83.25 30.401547663243015 7.433485171970345e-09 0.4
-83.25 27.439240150681094 7.493411727586002e-09 0.4
-83.25 24.146847996502373 7.579004235213296e-09 0.4
-83.25 20.364134806317807 7.642473197421159e-09 0.4
-83.25 15.740548525168737 7.668321963121047e-09 0.4
-83.25 9.06872154603269 7.675229639859279e-09 0.4
-78.75 89.28378410380506 6.588183827283803e-09 0.4
-78.75 87.85090437313598 6.651490241475538e-09 0.4
-78.75 86.41667830152802 6.710634110567513e-09 0.4
-78.75 84.98019986832188 6.777569613223987e-09 0.4
-78.75 83.54055022264492 6.8524304050072375e-09 0.4
-78.75 82.09679226651541 6.93303914812157e-09 0.4
-78.75 80.64796494243684 7.0221343209356184e-09 0.4
-78.75 79.19307712513965 7.119915153364213e-09 0.4
-78.75 77.73110100404344 7.22306380176137e-09 0.4
-78.75 76.26096482563027 7.303555393135268e-09 0.4
-78.75 74.7815448422298 7.379406402419274e-09 0.4
-78.75 73.29165628434475 7.44171185742395e-09 0.4
-78.75 71.790043135717 7.508797480067802e-09 0.4
-78.75 70.27536644129832 7.582264781972748e-09 0.4
-78.75 68.74619081464031 7.660891391468284e-09 0.4
-78.75 67.20096872811118 7.692554222819314e-09 0.4
-78.75 65.63802206002008 7.648710064774393e-09 0.4
-78.75 64.05552022763 7.607678596696531e-09 0.4
-78.75 62.45145404051587 7.56947872520691e-09 0.4
-78.75 60.82360414498552 7.534547900750902e-09 0.4
-78.75 59.169502568212096 7.503430436574669e-09 0.4
-78.75 57.48638536677864 7.47712366487612e-09 0.4
-78.75 55.771133672187425 7.436506864113943e-09 0.4
-78.75 54.020199402525776 7.404597463624179e-09 0.4
-78.75 52.22951041136422 7.38490861989286e-09 0.4
-78.75 50.39434760613205 7.380828790615389e-09 0.4
-78.75 48.50918314434817 7.397039012785157e-09 0.4
-78.75 46.56746344221023 7.438931635177876e-09 0.4
-78.75 44.561312043575526 7.506676471066852e-09 0.4
-78.75 42.48111287543235 7.454460012872463e-09 0.4
-78.75 40.31490917470875 7.394053039931021e-09 0.4
-78.75 38.04750745361985 7.365284973303474e-09 0.4
-78.75 35.659087696138755 7.367618392867472e-09 0.4
-78.75 33.12294020774379 7.39977149609742e-09 0.4
-78.75 30.401547663243015 7.434650794878757e-09 0.4
-78.75 27.439240150681094 7.471304354422926e-09 0.4
-78.75 24.146847996502373 7.535646106393868e-09 0.4
-78.75 20.364134806317807 7.627004043080197e-09 0.4
-78.75 15.740548525168737 7.677059890939814e-09 0.4
-78.75 9.06872154603269 7.670579527819377e-09 0.4
-74.25 89.28378410380506 6.379127466694145e-09 0.4
-74.25 87.85090437313598 6.421938920667401e-09 0.4
-74.25 86.41667830152802 6.471534863733957e-09 0.4
-74.25 84.98019986832188 6.527110901078081e-09 0.4
-74.25 83.54055022264492 6.58824503297566e-09 0.4
-74.25 82.09679226651541 6.6571165407180736e-09 0.4
-74.25 80.64796494243684 6.733947505564502e-09 0.4
-74.25 79.19307712513965 6.8181302361712164e-09 0.4
-74.25 77.73110100404344 6.888269800483245e-09 0.4
-74.25 76.26096482563027 6.9564975719365736e-09 0.4
-74.25 74.7815448422298 7.02075984705801e-09 0.4
-74.25 73.29165628434475 7.076120831979841e-09 0.4
-74.25 71.790043135717 7.134770952717616e-09 0.4
-74.25 70.27536644129832 7.198945757055899e-09 0.4
-74.25 68.74619081464031 7.269138178418547e-09 0.4
-74.25 67.20096872811118 7.3461511784070964e-09 0.4
-74.25 65.63802206002008 7.4051770759924486e-09 0.4
-74.25 64.05552022763 7.4411917630984565e-09 0.4
-74.25 62.45145404051587 7.483892335083975e-09 0.4
-74.25 60.82360414498552 7.524088256797126e-09 0.4
-74.25 59.169502568212096 7.481127821722784e-09 0.4
-74.25 57.48638536677864 7.440651915783628e-09 0.4
-74.25 55.771133672187425 7.405651688345045e-09 0.4
-74.25 54.020199402525776 7.3794555963155456e-09 0.4
-74.25 52.22951041136422 7.36492276190387e-09 0.4
-74.25 50.39434760613205 7.366122994911591e-09 0.4
-74.25 48.50918314434817 7.387385583115528e-09 0.4
-74.25 46.56746344221023 7.433724277338228e-09 0.4
-74.25 44.561312043575526 7.468611020071728e-09 0.4
-74.25 42.48111287543235 7.410414460846615e-09 0.4
-74.25 40.31490917470875 7.384215308943749e-09 0.4
-74.25 38.04750745361985 7.376720567254726e-09 0.4
-74.25 35.659087696138755 7.358644569498043e-09 0.4
-74.25 33.12294020774379 7.369534242647298e-09 0.4
-74.25 30.401547663243015 7.409145188690599e-09 0.4
-74.25 27.439240150681094 7.47573668066646e-09 0.4
-74.25 24.146847996502373 7.526742052413513e-09 0.4
-74.25 20.364134806317807 7.598664102091559e-09 0.4
-74.25 15.740548525168737 7.641844421036477e-09 0.4
-74.25 9.06872154603269 7.654188814968276e-09 0.4
-69.75 89.28378410380506 6.196689647283301e-09 0.4
-69.75 87.85090437313598 6.233480709694049e-09 0.4
-69.75 86.41667830152802 6.273899443942885e-09 0.4
-69.75 84.98019986832188 6.319544695748927e-09 0.4
-69.75 83.54055022264492 6.371121854088005e-09 0.4
-69.75 82.09679226651541 6.424854595767138e-09 0.4
-69.75 80.64796494243684 6.4771750469757295e-09 0.4
-69.75 79.19307712513965 6.534143288325552e-09 0.4
-69.75 77.73110100404344 6.5950373504394405e-09 0.4
-69.75 76.26096482563027 6.6536916711984914e-09 0.4
-69.75 74.7815448422298 6.7058710361420216e-09 0.4
-69.75 73.29165628434475 6.7527691144842876e-09 0.4
-69.75 71.790043135717 6.804189700021837e-09 0.4
-69.75 70.27536644129832 6.859717117000816e-09 0.4
-69.75 68.74619081464031 6.921015220614007e-09 0.4
-69.75 67.20096872811118 6.988407706579491e-09 0.4
-69.75 65.63802206002008 7.062399106251349e-09 0.4
-69.75 64.05552022763 7.1159299905288315e-09 0.4
-69.75 62.45145404051587 7.151808951349937e-09 0.4
-69.75 60.82360414498552 7.194481177708124e-09 0.4
-69.75 59.169502568212096 7.243994591001779e-09 0.4
-69.75 57.48638536677864 7.300401338750871e-09 0.4
-69.75 55.771133672187425 7.363421220090267e-09 0.4
-69.75 54.020199402525776 7.370201585009407e-09 0.4
-69.75 52.22951041136422 7.361556407619823e-09 0.4
-69.75 50.39434760613205 7.3653919743514595e-09 0.4
-69.75 48.50918314434817 7.379960936767448e-09 0.4
-69.75 46.56746344221023 7.419076470028605e-09 0.4
-69.75 44.561312043575526 7.457245087530926e-09 0.4
-69.75 42.48111287543235 7.390459411285048e-09 0.4
-69.75 40.31490917470875 7.350903908998132e-09 0.4
-69.75 38.04750745361985 7.340383987784243e-09 0.4
-69.75 35.659087696138755 7.358665674100538e-09 0.4
-69.75 33.12294020774379 7.373592909966467e-09 0.4
-69.75 30.401547663243015 7.392846681783007e-09 0.4
-69.75 27.439240150681094 7.43835016513119e-09 0.4
-69.75 24.146847996502373 7.51212141162194e-09 0.4
-69.75 20.364134806317807 7.606620918653616e-09 0.4
-69.75 15.740548525168737 7.635156887455173e-09 0.4
-69.75 9.06872154603269 7.642333340961455e-09 0.4
-65.25 89.28378410380506 6.037340526473308e-09 0.4
-65.25 87.85090437313598 6.065208613326455e-09 0.4
-65.25 86.41667830152802 6.098321282462423e-09 0.4
-65.25 84.98019986832188 6.128203720176527e-09 0.4
-65.25 83.54055022264492 6.161127908500293e-09 0.4
-65.25 82.09679226651541 6.2002554511142905e-09 0.4
-65.25 80.64796494243684 6.245323200126964e-09 0.4
-65.25 79.19307712513965 6.293254245274263e-09 0.4
-65.25 77.73110100404344 6.3456993728975665e-09 0.4
-65.25 76.26096482563027 6.395784037565563e-09 0.4
-65.25 74.7815448422298 6.434725603867791e-09 0.4
-65.25 73.29165628434475 6.473395231331367e-09 0.4
-65.25 71.790043135717 6.517961229818684e-09 0.4
-65.25 70.27536644129832 6.565200607679527e-09 0.4
-65.25 68.74619081464031 6.618274505899981e-09 0.4
-65.25 67.20096872811118 6.677176975689318e-09 0.4
-65.25 65.63802206002008 6.7420484570012755e-09 0.4
-65.25 64.05552022763 6.8130968034765224e-09 0.4
-65.25 62.45145404051587 6.852632128587241e-09 0.4
-65.25 60.82360414498552 6.887251468297818e-09 0.4
-65.25 59.169502568212096 6.9294933325371755e-09 0.4
-65.25 57.48638536677864 6.979214106224051e-09 0.4
-65.25 55.771133672187425 7.0361578694211486e-09 0.4
-65.25 54.020199402525776 7.099950638007628e-09 0.4
-65.25 52.22951041136422 7.170951551043044e-09 0.4
-65.25 50.39434760613205 7.1995524069950665e-09 0.4
-65.25 48.50918314434817 7.224772575257313e-09 0.4
-65.25 46.56746344221023 7.260356148360123e-09 0.4
-65.25 44.561312043575526 7.304962470473044e-09 0.4
-65.25 42.48111287543235 7.359109029564531e-09 0.4
-65.25 40.31490917470875 7.34576280295256e-09 0.4
-65.25 38.04750745361985 7.32327249780939e-09 0.4
-65.25 35.659087696138755 7.324824123975634e-09 0.4
-65.25 33.12294020774379 7.351846638803152e-09 0.4
-65.25 30.401547663243015 7.386038137395369e-09 0.4
-65.25 27.439240150681094 7.431001870190993e-09 0.4
-65.25 24.146847996502373 7.485580250823052e-09 0.4
-65.25 20.364134806317807 7.569186455116194e-09 0.4
-65.25 15.740548525168737 7.617576191309084e-09 0.4
-65.25 9.06872154603269 7.63771898060878e-09 0.4
-60.75 89.28378410380506 5.865563312463274e-09 0.4
-60.75 87.85090437313598 5.893996773111274e-09 0.4
-60.75 86.41667830152802 5.9231605936227545e-09 0.4
-60.75 84.98019986832188 5.951601357136931e-09 0.4
-60.75 83.54055022264492 5.981552670147782e-09 0.4
-60.75 82.09679226651541 6.0154892864818605e-09 0.4
-60.75 80.64796494243684 6.05381990352343e-09 0.4
-60.75 79.19307712513965 6.0946295215993355e-09 0.4
-60.75 77.73110100404344 6.139422355099725e-09 0.4
-60.75 76.26096482563027 6.175426516141529e-09 0.4
-60.75 74.7815448422298 6.202401084442169e-09 0.4
-60.75 73.29165628434475 6.234767650396661e-09 0.4
-60.75 71.790043135717 6.27227557969868e-09 0.4
-60.75 70.27536644129832 6.3132112189062025e-09 0.4
-60.75 68.74619081464031 6.358563930816129e-09 0.4
-60.75 67.20096872811118 6.409797080736053e-09 0.4
-60.75 65.63802206002008 6.4668075767469976e-09 0.4
-60.75 64.05552022763 6.5299083138984716e-09 0.4
-60.75 62.45145404051587 6.580599310327427e-09 0.4
-60.75 60.82360414498552 6.610864626555136e-09 0.4
-60.75 59.169502568212096 6.64549245145486e-09 0.4
-60.75 57.48638536677864 6.68737787935843e-09 0.4
-60.75 55.771133672187425 6.736894108650386e-09 0.4
-60.75 54.020199402525776 6.793824695901211e-09 0.4
-60.75 52.22951041136422 6.857956809233385e-09 0.4
-60.75 50.39434760613205 6.9301192944660085e-09 0.4
-60.75 48.50918314434817 6.9906624209158204e-09 0.4
-60.75 46.56746344221023 7.021429105477037e-09 0.4
-60.75 44.561312043575526 7.063478745471536e-09 0.4
-60.75 42.48111287543235 7.117275722032963e-09 0.4
-60.75 40.31490917470875 7.182308272408871e-09 0.4
-60.75 38.04750745361985 7.258606501587881e-09 0.4
-60.75 35.659087696138755 7.318571779064755e-09 0.4
-60.75 33.12294020774379 7.331347794337532e-09 0.4
-60.75 30.401547663243015 7.364952630284242e-09 0.4
-60.75 27.439240150681094 7.406524365858872e-09 0.4
-60.75 24.146847996502373 7.470601460117722e-09 0.4
-60.75 20.364134806317807 7.559077121499759e-09 0.4
-60.75 15.740548525168737 7.597202084074854e-09 0.4
-60.75 9.06872154603269 7.618692647991801e-09 0.4
-56.25 89.28378410380506 5.67271468174384e-09 0.4
-56.25 87.85090437313598 5.698788066431243e-09 0.4
-56.25 86.41667830152802 5.729399209723258e-09 0.4
-56.25 84.98019986832188 5.764512766743736e-09 0.4
-56.25 83.54055022264492 5.80250276756559e-09 0.4
-56.25 82.09679226651541 5.844068864830755e-09 0.4
-56.25 80.64796494243684 5.885940879598025e-09 0.4
-56.25 79.19307712513965 5.916088233770964e-09 0.4
-56.25 77.73110100404344 5.93187462073817e-09 0.4
-56.25 76.26096482563027 5.9528782208374726e-09 0.4
-56.25 74.7815448422298 5.9790695010655624e-09 0.4
-56.25 73.29165628434475 6.0101019840728995e-09 0.4
-56.25 71.790043135717 6.045763741495513e-09 0.4
-56.25 70.27536644129832 6.0855341013518524e-09 0.4
-56.25 68.74619081464031 6.126982962056338e-09 0.4
-56.25 67.20096872811118 6.1733682831898015e-09 0.4
-56.25 65.63802206002008 6.224996730218012e-09 0.4
-56.25 64.05552022763 6.281991278292866e-09 0.4
-56.25 62.45145404051587 6.3387987997628805e-09 0.4
-56.25 60.82360414498552 6.362880592796676e-09 0.4
-56.25 59.169502568212096 6.394050529612765e-09 0.4
-56.25 57.48638536677864 6.4299706499652155e-09 0.4
-56.25 55.771133672187425 6.472480035034772e-09 0.4
-56.25 54.020199402525776 6.5228514390586344e-09 0.4
-56.25 52.22951041136422 6.581314823630986e-09 0.4
-56.25 50.39434760613205 6.646018393183904e-09 0.4
-56.25 48.50918314434817 6.717547613381024e-09 0.4
-56.25 46.56746344221023 6.7958487802090445e-09 0.4
-56.25 44.561312043575526 6.8601202086742205e-09 0.4
-56.25 42.48111287543235 6.909166500900299e-09 0.4
-56.25 40.31490917470875 6.971764571712457e-09 0.4
-56.25 38.04750745361985 7.046987858750753e-09 0.4
-56.25 35.659087696138755 7.129389358441801e-09 0.4
-56.25 33.12294020774379 7.201284067628861e-09 0.4
-56.25 30.401547663243015 7.29452147997444e-09 0.4
-56.25 27.439240150681094 7.396781329899828e-09 0.4
-56.25 24.146847996502373 7.45581941726035e-09 0.4
-56.25 20.364134806317807 7.532811067587961e-09 0.4
-56.25 15.740548525168737 7.597648940948142e-09 0.4
-56.25 9.06872154603269 7.625726120773147e-09 0.4
-51.75 89.28378410380506 5.509604924779511e-09 0.4
-51.75 87.85090437313598 5.532680833169393e-09 0.4
-51.75 86.41667830152802 5.560082753890803e-09 0.4
-51.75 84.98019986832188 5.591853958477554e-09 0.4
-51.75 83.54055022264492 5.6279489901567975e-09 0.4
-51.75 82.09679226651541 5.668018162576419e-09 0.4
-51.75 80.64796494243684 5.708431220980004e-09 0.4
-51.75 79.19307712513965 5.725758742012498e-09 0.4
-51.75 77.73110100404344 5.738103024774956e-09 0.4
-51.75 76.26096482563027 5.754794820742797e-09 0.4
-51.75 74.7815448422298 5.7765449630042056e-09 0.4
-51.75 73.29165628434475 5.8031869010287835e-09 0.4
-51.75 71.790043135717 5.834455493377962e-09 0.4
-51.75 70.27536644129832 5.870376107947212e-09 0.4
-51.75 68.74619081464031 5.909182613900276e-09 0.4
-51.75 67.20096872811118 5.951643636562888e-09 0.4
-51.75 65.63802206002008 5.999249520865614e-09 0.4
-51.75 64.05552022763 6.052064197510663e-09 0.4
-51.75 62.45145404051587 6.1097866415607126e-09 0.4
-51.75 60.82360414498552 6.151890031559203e-09 0.4
-51.75 59.169502568212096 6.17758829521548e-09 0.4
-51.75 57.48638536677864 6.210353544380449e-09 0.4
-51.75 55.771133672187425 6.24831062346572e-09 0.4
-51.75 54.020199402525776 6.292297808971799e-09 0.4
-51.75 52.22951041136422 6.344399801704458e-09 0.4
-51.75 50.39434760613205 6.404935891895112e-09 0.4
-51.75 48.50918314434817 6.4723724297032745e-09 0.4
-51.75 46.56746344221023 6.54580697413692e-09 0.4
-51.75 44.561312043575526 6.623592971634955e-09 0.4
-51.75 42.48111287543235 6.6935388078994e-09 0.4
-51.75 40.31490917470875 6.771341867836376e-09 0.4
-51.75 38.04750745361985 6.861340528551994e-09 0.4
-51.75 35.659087696138755 6.9546794180790154e-09 0.4
-51.75 33.12294020774379 7.026233500676943e-09 0.4
-51.75 30.401547663243015 7.118934235814081e-09 0.4
-51.75 27.439240150681094 7.235355689176216e-09 0.4
-51.75 24.146847996502373 7.373603270921305e-09 0.4
-51.75 20.364134806317807 7.526216247104186e-09 0.4
-51.75 15.740548525168737 7.56523500217493e-09 0.4
-51.75 9.06872154603269 7.599933392460198e-09 0.4
-47.25 89.28378410380506 5.372771200109294e-09 0.4
-47.25 87.85090437313598 5.3933177416733405e-09 0.4
-47.25 86.41667830152802 5.4179340703936745e-09 0.4
-47.25 84.98019986832188 5.446653403940384e-09 0.4
-47.25 83.54055022264492 5.47942165074934e-09 0.4
-47.25 82.09679226651541 5.514686528105366e-09 0.4
-47.25 80.64796494243684 5.5525257901978125e-09 0.4
-47.25 79.19307712513965 5.565499795469336e-09 0.4
-47.25 77.73110100404344 5.574557948831386e-09 0.4
-47.25 76.26096482563027 5.588406853062839e-09 0.4
-47.25 74.7815448422298 5.606961824374053e-09 0.4
-47.25 73.29165628434475 5.629384368624918e-09 0.4
-47.25 71.790043135717 5.6558158544393695e-09 0.4
-47.25 70.27536644129832 5.686637891261237e-09 0.4
-47.25 68.74619081464031 5.7219568423425965e-09 0.4
-47.25 67.20096872811118 5.759186112219033e-09 0.4
-47.25 65.63802206002008 5.801401263751718e-09 0.4
-47.25 64.05552022763 5.848720629607888e-09 0.4
-47.25 62.45145404051587 5.901145036361348e-09 0.4
-47.25 60.82360414498552 5.958056243743745e-09 0.4
-47.25 59.169502568212096 5.999085179188984e-09 0.4
-47.25 57.48638536677864 6.0267125216822536e-09 0.4
-47.25 55.771133672187425 6.061494181000501e-09 0.4
-47.25 54.020199402525776 6.102795393094322e-09 0.4
-47.25 52.22951041136422 6.149711418180908e-09 0.4
-47.25 50.39434760613205 6.2051202684391804e-09 0.4
-47.25 48.50918314434817 6.2691191741069304e-09 0.4
-47.25 46.56746344221023 6.340348624319313e-09 0.4
-47.25 44.561312043575526 6.414411925729575e-09 0.4
-47.25 42.48111287543235 6.4819841145383135e-09 0.4
-47.25 40.31490917470875 6.557009910450452e-09 0.4
-47.25 38.04750745361985 6.6450056702668575e-09 0.4
-47.25 35.659087696138755 6.745821347637791e-09 0.4
-47.25 33.12294020774379 6.855957133180784e-09 0.4
-47.25 30.401547663243015 6.977779681088002e-09 0.4
-47.25 27.439240150681094 7.091766255333496e-09 0.4
-47.25 24.146847996502373 7.223332530743391e-09 0.4
-47.25 20.364134806317807 7.391489784562173e-09 0.4
-47.25 15.740548525168737 7.551673335377504e-09 0.4
-47.25 9.06872154603269 7.61610517148099e-09 0.4
-42.75 89.28378410380506 5.258133943943795e-09 0.4
-42.75 87.85090437313598 5.276598793168159e-09 0.4
-42.75 86.41667830152802 5.29894896466346e-09 0.4
-42.75 84.98019986832188 5.325138727033909e-09 0.4
-42.75 83.54055022264492 5.354954017591305e-09 0.4
-42.75 82.09679226651541 5.386042410034923e-09 0.4
-42.75 80.64796494243684 5.42070345683104e-09 0.4
-42.75 79.19307712513965 5.433707464500177e-09 0.4
-42.75 77.73110100404344 5.439834075817431e-09 0.4
-42.75 76.26096482563027 5.450472023862625e-09 0.4
-42.75 74.7815448422298 5.465519314960951e-09 0.4
-42.75 73.29165628434475 5.484776301707938e-09 0.4
-42.75 71.790043135717 5.508057533017502e-09 0.4
-42.75 70.27536644129832 5.535361057424373e-09 0.4
-42.75 68.74619081464031 5.566247399690513e-09 0.4
-42.75 67.20096872811118 5.600018892892367e-09 0.4
-42.75 65.63802206002008 5.636641461913357e-09 0.4
-42.75 64.05552022763 5.678094176800705e-09 0.4
-42.75 62.45145404051587 5.724647015041313e-09 0.4
-42.75 60.82360414498552 5.776223722560155e-09 0.4
-42.75 59.169502568212096 5.831058595456448e-09 0.4
-42.75 57.48638536677864 5.8798889442735e-09 0.4
-42.75 55.771133672187425 5.910416372687872e-09 0.4
-42.75 54.020199402525776 5.948344201077564e-09 0.4
-42.75 52.22951041136422 5.993699284651467e-09 0.4
-42.75 50.39434760613205 6.045115858736633e-09 0.4
-42.75 48.50918314434817 6.105006993208042e-09 0.4
-42.75 46.56746344221023 6.172846382420206e-09 0.4
-42.75 44.561312043575526 6.244633320641031e-09 0.4
-42.75 42.48111287543235 6.309495878184822e-09 0.4
-42.75 40.31490917470875 6.380231662977748e-09 0.4
-42.75 38.04750745361985 6.464445923124007e-09 0.4
-42.75 35.659087696138755 6.5637518417862044e-09 0.4
-42.75 33.12294020774379 6.672365684780947e-09 0.4
-42.75 30.401547663243015 6.799745823213001e-09 0.4
-42.75 27.439240150681094 6.951994408983514e-09 0.4
-42.75 24.146847996502373 7.102589863483713e-09 0.4
-42.75 20.364134806317807 7.265237904691667e-09 0.4
-42.75 15.740548525168737 7.427340029940146e-09 0.4
-42.75 9.06872154603269 7.585781412959016e-09 0.4
-38.25 89.28378410380506 5.162065283940576e-09 0.4
-38.25 87.85090437313598 5.178644765964115e-09 0.4
-38.25 86.41667830152802 5.199046405593904e-09 0.4
-38.25 84.98019986832188 5.2231431326575314e-09 0.4
-38.25 83.54055022264492 5.249322312622745e-09 0.4
-38.25 82.09679226651541 5.278008394664533e-09 0.4
-38.25 80.64796494243684 5.310047651177523e-09 0.4
-38.25 79.19307712513965 5.32612064129899e-09 0.4
-38.25 77.73110100404344 5.329961711281994e-09 0.4
-38.25 76.26096482563027 5.338118195517752e-09 0.4
-38.25 74.7815448422298 5.350457923866723e-09 0.4
-38.25 73.29165628434475 5.366730326768337e-09 0.4
-38.25 71.790043135717 5.386706982755222e-09 0.4
-38.25 70.27536644129832 5.410336593680543e-09 0.4
-38.25 68.74619081464031 5.437513132782836e-09 0.4
-38.25 67.20096872811118 5.468014729182515e-09 0.4
-38.25 65.63802206002008 5.501142646282235e-09 0.4
-38.25 64.05552022763 5.538147404509995e-09 0.4
-38.25 62.45145404051587 5.579616202250646e-09 0.4
-38.25 60.82360414498552 5.625977935599257e-09 0.4
-38.25 59.169502568212096 5.676111880771236e-09 0.4
-38.25 57.48638536677864 5.727177186096923e-09 0.4
-38.25 55.771133672187425 5.769593075804656e-09 0.4
-38.25 54.020199402525776 5.814723679555961e-09 0.4
-38.25 52.22951041136422 5.866199714348899e-09 0.4
-38.25 50.39434760613205 5.918076370053987e-09 0.4
-38.25 48.50918314434817 5.9753851618887295e-09 0.4
-38.25 46.56746344221023 6.039996687573636e-09 0.4
-38.25 44.561312043575526 6.1083861698401675e-09 0.4
-38.25 42.48111287543235 6.172074887713133e-09 0.4
-38.25 40.31490917470875 6.24070158841497e-09 0.4
-38.25 38.04750745361985 6.321312724855419e-09 0.4
-38.25 35.659087696138755 6.417588261115373e-09 0.4
-38.25 33.12294020774379 6.5247882934179485e-09 0.4
-38.25 30.401547663243015 6.650951402894374e-09 0.4
-38.25 27.439240150681094 6.801112955416488e-09 0.4
-38.25 24.146847996502373 6.977878557677017e-09 0.4
-38.25 20.364134806317807 7.168273430847481e-09 0.4
-38.25 15.740548525168737 7.3327135667200746e-09 0.4
-38.25 9.06872154603269 7.542632867486571e-09 0.4
-33.75 89.28378410380506 5.081579296256537e-09 0.4
-33.75 87.85090437313598 5.096302527056883e-09 0.4
-33.75 86.41667830152802 5.114830252842817e-09 0.4
-33.75 84.98019986832188 5.136410618606512e-09 0.4
-33.75 83.54055022264492 5.159796065213641e-09 0.4
-33.75 82.09679226651541 5.186506423700313e-09 0.4
-33.75 80.64796494243684 5.21646734783176e-09 0.4
-33.75 79.19307712513965 5.238915063678558e-09 0.4
-33.75 77.73110100404344 5.241149326529016e-09 0.4
-33.75 76.26096482563027 5.247523938977479e-09 0.4
-33.75 74.7815448422298 5.257851952026497e-09 0.4
-33.75 73.29165628434475 5.271891041214007e-09 0.4
-33.75 71.790043135717 5.289389786614168e-09 0.4
-33.75 70.27536644129832 5.309738667512845e-09 0.4
-33.75 68.74619081464031 5.332480187348957e-09 0.4
-33.75 67.20096872811118 5.359449369729416e-09 0.4
-33.75 65.63802206002008 5.390882178396023e-09 0.4
-33.75 64.05552022763 5.4243254762891745e-09 0.4
-33.75 62.45145404051587 5.462458051957565e-09 0.4
-33.75 60.82360414498552 5.505284816487712e-09 0.4
-33.75 59.169502568212096 5.551712488178528e-09 0.4
-33.75 57.48638536677864 5.59827601171874e-09 0.4
-33.75 55.771133672187425 5.638406050630513e-09 0.4
-33.75 54.020199402525776 5.6792152288734844e-09 0.4
-33.75 52.22951041136422 5.72568598574121e-09 0.4
-33.75 50.39434760613205 5.778702496898315e-09 0.4
-33.75 48.50918314434817 5.838808554012692e-09 0.4
-33.75 46.56746344221023 5.902677548078124e-09 0.4
-33.75 44.561312043575526 5.97361241817787e-09 0.4
-33.75 42.48111287543235 6.053395617392818e-09 0.4
-33.75 40.31490917470875 6.13397927802143e-09 0.4
-33.75 38.04750745361985 6.213232847390715e-09 0.4
-33.75 35.659087696138755 6.307249403072121e-09 0.4
-33.75 33.12294020774379 6.412886327616059e-09 0.4
-33.75 30.401547663243015 6.537186513976993e-09 0.4
-33.75 27.439240150681094 6.6865772999587235e-09 0.4
-33.75 24.146847996502373 6.859106850741619e-09 0.4
-33.75 20.364134806317807 7.060045597117691e-09 0.4
-33.75 15.740548525168737 7.259635860483953e-09 0.4
-33.75 9.06872154603269 7.482746858180606e-09 0.4
-29.25 89.28378410380506 5.014380384393591e-09 0.4
-29.25 87.85090437313598 5.027140808570736e-09 0.4
-29.25 86.41667830152802 5.0436672697940046e-09 0.4
-29.25 84.98019986832188 5.061793365233046e-09 0.4
-29.25 83.54055022264492 5.083334848700401e-09 0.4
-29.25 82.09679226651541 5.108205439122407e-09 0.4
-29.25 80.64796494243684 5.1362943413178684e-09 0.4
-29.25 79.19307712513965 5.167429355113927e-09 0.4
-29.25 77.73110100404344 5.169785979529598e-09 0.4
-29.25 76.26096482563027 5.174898452625069e-09 0.4
-29.25 74.7815448422298 5.183860911428112e-09 0.4
-29.25 73.29165628434475 5.196395956605237e-09 0.4
-29.25 71.790043135717 5.2121767693467295e-09 0.4
-29.25 70.27536644129832 5.228901812840135e-09 0.4
-29.25 68.74619081464031 5.249180468654888e-09 0.4
-29.25 67.20096872811118 5.273503601715655e-09 0.4
-29.25 65.63802206002008 5.302099321847515e-09 0.4
-29.25 64.05552022763 5.334861379090414e-09 0.4
-29.25 62.45145404051587 5.369928875062606e-09 0.4
-29.25 60.82360414498552 5.40961405996051e-09 0.4
-29.25 59.169502568212096 5.452922690290139e-09 0.4
-29.25 57.48638536677864 5.4963072002049046e-09 0.4
-29.25 55.771133672187425 5.534341827588857e-09 0.4
-29.25 54.020199402525776 5.573119211732843e-09 0.4
-29.25 52.22951041136422 5.617070350169031e-09 0.4
-29.25 50.39434760613205 5.66628116588457e-09 0.4
-29.25 48.50918314434817 5.722260277006071e-09 0.4
-29.25 46.56746344221023 5.783053609545851e-09 0.4
-29.25 44.561312043575526 5.849831662605847e-09 0.4
-29.25 42.48111287543235 5.9255621171036026e-09 0.4
-29.25 40.31490917470875 6.0115395844936755e-09 0.4
-29.25 38.04750745361985 6.108512863437637e-09 0.4
-29.25 35.659087696138755 6.2154919323693246e-09 0.4
-29.25 33.12294020774379 6.333838819870871e-09 0.4
-29.25 30.401547663243015 6.456130265503917e-09 0.4
-29.25 27.439240150681094 6.603422885726732e-09 0.4
-29.25 24.146847996502373 6.77119792585715e-09 0.4
-29.25 20.364134806317807 6.965789266046807e-09 0.4
-29.25 15.740548525168737 7.1668927086640555e-09 0.4
-29.25 9.06872154603269 7.4414551562295425e-09 0.4
-24.75 89.28378410380506 4.9590253071214234e-09 0.4
-24.75 87.85090437313598 4.9695274404017485e-09 0.4
-24.75 86.41667830152802 4.982153391804724e-09 0.4
-24.75 84.98019986832188 4.998269939330692e-09 0.4
-24.75 83.54055022264492 5.017883142279626e-09 0.4
-24.75 82.09679226651541 5.040863568715605e-09 0.4
-24.75 80.64796494243684 5.067084187562629e-09 0.4
-24.75 79.19307712513965 5.096376946793251e-09 0.4
-24.75 77.73110100404344 5.113053344226906e-09 0.4
-24.75 76.26096482563027 5.117266337274181e-09 0.4
-24.75 74.7815448422298 5.125285134920276e-09 0.4
-24.75 73.29165628434475 5.136809911565561e-09 0.4
-24.75 71.790043135717 5.150383507605132e-09 0.4
-24.75 70.27536644129832 5.1652566854679034e-09 0.4
-24.75 68.74619081464031 5.183834252747229e-09 0.4
-24.75 67.20096872811118 5.206319455421819e-09 0.4
-24.75 65.63802206002008 5.232901719797336e-09 0.4
-24.75 64.05552022763 5.2637559581751476e-09 0.4
-24.75 62.45145404051587 5.298493692003969e-09 0.4
-24.75 60.82360414498552 5.336331010369872e-09 0.4
-24.75 59.169502568212096 5.377713375077595e-09 0.4
-24.75 57.48638536677864 5.4187512665100905e-09 0.4
-24.75 55.771133672187425 5.454973937188423e-09 0.4
-24.75 54.020199402525776 5.491138665261716e-09 0.4
-24.75 52.22951041136422 5.53272623941769e-09 0.4
-24.75 50.39434760613205 5.58042633252285e-09 0.4
-24.75 48.50918314434817 5.634106206458886e-09 0.4
-24.75 46.56746344221023 5.69317927274166e-09 0.4
-24.75 44.561312043575526 5.75655514205845e-09 0.4
-24.75 42.48111287543235 5.828602647022805e-09 0.4
-24.75 40.31490917470875 5.911090293415161e-09 0.4
-24.75 38.04750745361985 6.00547127284822e-09 0.4
-24.75 35.659087696138755 6.110254395626854e-09 0.4
-24.75 33.12294020774379 6.230975117953638e-09 0.4
-24.75 30.401547663243015 6.370368283500863e-09 0.4
-24.75 27.439240150681094 6.534489945702969e-09 0.4
-24.75 24.146847996502373 6.709166317560308e-09 0.4
-24.75 20.364134806317807 6.897639084642039e-09 0.4
-24.75 15.740548525168737 7.100250237398404e-09 0.4
-24.75 9.06872154603269 7.385865392808486e-09 0.4
-20.25 89.28378410380506 4.914934873415249e-09 0.4
-20.25 87.85090437313598 4.921047397413502e-09 0.4
-20.25 86.41667830152802 4.931081107629624e-09 0.4
-20.25 84.98019986832188 4.94487031145238e-09 0.4
-20.25 83.54055022264492 4.962265948895272e-09 0.4
-20.25 82.09679226651541 4.983116017748988e-09 0.4
-20.25 80.64796494243684 5.0072802029344e-09 0.4
-20.25 79.19307712513965 5.0346169728159495e-09 0.4
-20.25 77.73110100404344 5.0647421092373615e-09 0.4
-20.25 76.26096482563027 5.072350479449368e-09 0.4
-20.25 74.7815448422298 5.079762713757156e-09 0.4
-20.25 73.29165628434475 5.0906628240792085e-09 0.4
-20.25 71.790043135717 5.102162982533979e-09 0.4
-20.25 70.27536644129832 5.115829547032991e-09 0.4
-20.25 68.74619081464031 5.1331798121784674e-09 0.4
-20.25 67.20096872811118 5.154392517228012e-09 0.4
-20.25 65.63802206002008 5.179651263009099e-09 0.4
-20.25 64.05552022763 5.209109173540062e-09 0.4
-20.25 62.45145404051587 5.242826645138417e-09 0.4
-20.25 60.82360414498552 5.2805987588202556e-09 0.4
-20.25 59.169502568212096 5.321513967420661e-09 0.4
-20.25 57.48638536677864 5.36119061192095e-09 0.4
-20.25 55.771133672187425 5.396206877530593e-09 0.4
-20.25 54.020199402525776 5.430533458225333e-09 0.4
-20.25 52.22951041136422 5.469903893418027e-09 0.4
-20.25 50.39434760613205 5.51519684166339e-09 0.4
-20.25 48.50918314434817 5.567104860174877e-09 0.4
-20.25 46.56746344221023 5.625840828936755e-09 0.4
-20.25 44.561312043575526 5.687174045229621e-09 0.4
-20.25 42.48111287543235 5.757764996411848e-09 0.4
-20.25 40.31490917470875 5.838903970716679e-09 0.4
-20.25 38.04750745361985 5.932109465406054e-09 0.4
-20.25 35.659087696138755 6.0351240728959265e-09 0.4
-20.25 33.12294020774379 6.154038013629029e-09 0.4
-20.25 30.401547663243015 6.292472205405646e-09 0.4
-20.25 27.439240150681094 6.454090399158095e-09 0.4
-20.25 24.146847996502373 6.6451998115484796e-09 0.4
-20.25 20.364134806317807 6.851493613492769e-09 0.4
-20.25 15.740548525168737 7.054084605947057e-09 0.4
-20.25 9.06872154603269 7.345298854097436e-09 0.4
-15.75 89.28378410380506 4.880577922429885e-09 0.4
-15.75 87.85090437313598 4.88354555659513e-09 0.4
-15.75 86.41667830152802 4.890610644874855e-09 0.4
-15.75 84.98019986832188 4.901592993107894e-09 0.4
-15.75 83.54055022264492 4.916310591451583e-09 0.4
-15.75 82.09679226651541 4.934610649746752e-09 0.4
-15.75 80.64796494243684 4.956341074509164e-09 0.4
-15.75 79.19307712513965 4.981355103984419e-09 0.4
-15.75 77.73110100404344 5.009396795068097e-09 0.4
-15.75 76.26096482563027 5.036245279654497e-09 0.4
-15.75 74.7815448422298 5.044090305950642e-09 0.4
-15.75 73.29165628434475 5.054316746280774e-09 0.4
-15.75 71.790043135717 5.063928291775851e-09 0.4
-15.75 70.27536644129832 5.076649832542874e-09 0.4
-15.75 68.74619081464031 5.093038026668664e-09 0.4
-15.75 67.20096872811118 5.113262463834687e-09 0.4
-15.75 65.63802206002008 5.1375051248915575e-09 0.4
-15.75 64.05552022763 5.165931177076838e-09 0.4
-15.75 62.45145404051587 5.198649831693102e-09 0.4
-15.75 60.82360414498552 5.235766183666323e-09 0.4
-15.75 59.169502568212096 5.276923482739373e-09 0.4
-15.75 57.48638536677864 5.31703819892624e-09 0.4
-15.75 55.771133672187425 5.352162967749108e-09 0.4
-15.75 54.020199402525776 5.386247706922451e-09 0.4
-15.75 52.22951041136422 5.424937017796898e-09 0.4
-15.75 50.39434760613205 5.469345163431773e-09 0.4
-15.75 48.50918314434817 5.520280650567469e-09 0.4
-15.75 46.56746344221023 5.578557996175533e-09 0.4
-15.75 44.561312043575526 5.640389031143017e-09 0.4
-15.75 42.48111287543235 5.710642167862434e-09 0.4
-15.75 40.31490917470875 5.790443101578745e-09 0.4
-15.75 38.04750745361985 5.882157248004259e-09 0.4
-15.75 35.659087696138755 5.984477679471406e-09 0.4
-15.75 33.12294020774379 6.102704940751227e-09 0.4
-15.75 30.401547663243015 6.2397182900474194e-09 0.4
-15.75 27.439240150681094 6.400745954506749e-09 0.4
-15.75 24.146847996502373 6.5893387081765024e-09 0.4
-15.75 20.364134806317807 6.790025340049183e-09 0.4
-15.75 15.740548525168737 6.995797255470478e-09 0.4
-15.75 9.06872154603269 7.312819798937517e-09 0.4
-11.25 89.28378410380506 4.859152226417213e-09 0.4
-11.25 87.85090437313598 4.858484116796659e-09 0.4
-11.25 86.41667830152802 4.861926238762903e-09 0.4
-11.25 84.98019986832188 4.8694403401758854e-09 0.4
-11.25 83.54055022264492 4.8808507525304054e-09 0.4
-11.25 82.09679226651541 4.89599436672135e-09 0.4
-11.25 80.64796494243684 4.9147137526079866e-09 0.4
-11.25 79.19307712513965 4.93685227535865e-09 0.4
-11.25 77.73110100404344 4.96222861546284e-09 0.4
-11.25 76.26096482563027 4.987012693828067e-09 0.4
-11.25 74.7815448422298 5.003332421935643e-09 0.4
-11.25 73.29165628434475 5.020370041898841e-09 0.4
-11.25 71.790043135717 5.035459128075289e-09 0.4
-11.25 70.27536644129832 5.047273253933143e-09 0.4
-11.25 68.74619081464031 5.062907407550708e-09 0.4
-11.25 67.20096872811118 5.082478709043089e-09 0.4
-11.25 65.63802206002008 5.106125766213475e-09 0.4
-11.25 64.05552022763 5.133974193106663e-09 0.4
-11.25 62.45145404051587 5.16616459304912e-09 0.4
-11.25 60.82360414498552 5.2028639844914785e-09 0.4
-11.25 59.169502568212096 5.244128546041943e-09 0.4
-11.25 57.48638536677864 5.285230141052144e-09 0.4
-11.25 55.771133672187425 5.3211070319761906e-09 0.4
-11.25 54.020199402525776 5.356208379047312e-09 0.4
-11.25 52.22951041136422 5.3954106855924095e-09 0.4
-11.25 50.39434760613205 5.440020731490339e-09 0.4
-11.25 48.50918314434817 5.490949817881951e-09 0.4
-11.25 46.56746344221023 5.549024895283207e-09 0.4
-11.25 44.561312043575526 5.611766512844948e-09 0.4
-11.25 42.48111287543235 5.681451756292612e-09 0.4
-11.25 40.31490917470875 5.761307342161308e-09 0.4
-11.25 38.04750745361985 5.852892532982228e-09 0.4
-11.25 35.659087696138755 5.954238907974134e-09 0.4
-11.25 33.12294020774379 6.071165889317183e-09 0.4
-11.25 30.401547663243015 6.207636902950222e-09 0.4
-11.25 27.439240150681094 6.36786279328247e-09 0.4
-11.25 24.146847996502373 6.5553302424059485e-09 0.4
-11.25 20.364134806317807 6.748007987719792e-09 0.4
-11.25 15.740548525168737 6.9539814495113245e-09 0.4
-11.25 9.06872154603269 7.273642833683308e-09 0.4
-6.75 89.28378410380506 4.852937522998737e-09 0.4
-6.75 87.85090437313598 4.8479483230141034e-09 0.4
-6.75 86.41667830152802 4.8471359451573206e-09 0.4
-6.75 84.98019986832188 4.8503989189591105e-09 0.4
-6.75 83.54055022264492 4.857734135214965e-09 0.4
-6.75 82.09679226651541 4.868971601289212e-09 0.4
-6.75 80.64796494243684 4.883940003645192e-09 0.4
-6.75 79.19307712513965 4.9024932137171575e-09 0.4
-6.75 77.73110100404344 4.924511862231858e-09 0.4
-6.75 76.26096482563027 4.9467655212728545e-09 0.4
-6.75 74.7815448422298 4.96107713976311e-09 0.4
-6.75 73.29165628434475 4.976026718997297e-09 0.4
-6.75 71.790043135717 4.993300752669998e-09 0.4
-6.75 70.27536644129832 5.0131987426755006e-09 0.4
-6.75 68.74619081464031 5.0359051347336406e-09 0.4
-6.75 67.20096872811118 5.061232124148999e-09 0.4
-6.75 65.63802206002008 5.085479625677492e-09 0.4
-6.75 64.05552022763 5.1126706156464704e-09 0.4
-6.75 62.45145404051587 5.1443148058614555e-09 0.4
-6.75 60.82360414498552 5.180588232329432e-09 0.4
-6.75 59.169502568212096 5.219003689219259e-09 0.4
-6.75 57.48638536677864 5.259574437329991e-09 0.4
-6.75 55.771133672187425 5.300383314125397e-09 0.4
-6.75 54.020199402525776 5.337005816675023e-09 0.4
-6.75 52.22951041136422 5.377458478861167e-09 0.4
-6.75 50.39434760613205 5.423121586928292e-09 0.4
-6.75 48.50918314434817 5.474866007611403e-09 0.4
-6.75 46.56746344221023 5.533503837294709e-09 0.4
-6.75 44.561312043575526 5.5978794920695196e-09 0.4
-6.75 42.48111287543235 5.667576923158821e-09 0.4
-6.75 40.31490917470875 5.747139265331313e-09 0.4
-6.75 38.04750745361985 5.838118918594718e-09 0.4
-6.75 35.659087696138755 5.9393866700201244e-09 0.4
-6.75 33.12294020774379 6.056053963196721e-09 0.4
-6.75 30.401547663243015 6.19158129775345e-09 0.4
-6.75 27.439240150681094 6.351084314866989e-09 0.4
-6.75 24.146847996502373 6.5363470223038014e-09 0.4
-6.75 20.364134806317807 6.72225905422285e-09 0.4
-6.75 15.740548525168737 6.926597871840298e-09 0.4
-6.75 9.06872154603269 7.248761077871237e-09 0.4
-2.25 89.28378410380506 4.865233159223034e-09 0.4
-2.25 87.85090437313598 4.85502289305234e-09 0.4
-2.25 86.41667830152802 4.849115483335039e-09 0.4
-2.25 84.98019986832188 4.847433883546947e-09 0.4
-2.25 83.54055022264492 4.849778085706619e-09 0.4
-2.25 82.09679226651541 4.856199265952202e-09 0.4
-2.25 80.64796494243684 4.866556361262729e-09 0.4
-2.25 79.19307712513965 4.8807316077981464e-09 0.4
-2.25 77.73110100404344 4.898605580252702e-09 0.4
-2.25 76.26096482563027 4.917279983855845e-09 0.4
-2.25 74.7815448422298 4.929525050804496e-09 0.4
-2.25 73.29165628434475 4.941993559625437e-09 0.4
-2.25 71.790043135717 4.957127137468646e-09 0.4
-2.25 70.27536644129832 4.975408524045352e-09 0.4
-2.25 68.74619081464031 4.996870939523437e-09 0.4
-2.25 67.20096872811118 5.021371951898056e-09 0.4
-2.25 65.63802206002008 5.0466381774945944e-09 0.4
-2.25 64.05552022763 5.0746678977676165e-09 0.4
-2.25 62.45145404051587 5.106145440671103e-09 0.4
-2.25 60.82360414498552 5.140742599215004e-09 0.4
-2.25 59.169502568212096 5.177725983778059e-09 0.4
-2.25 57.48638536677864 5.218506088927189e-09 0.4
-2.25 55.771133672187425 5.263268088180092e-09 0.4
-2.25 54.020199402525776 5.312239493058068e-09 0.4
-2.25 52.22951041136422 5.365726136427972e-09 0.4
-2.25 50.39434760613205 5.416051726315344e-09 0.4
-2.25 48.50918314434817 5.468817387596035e-09 0.4
-2.25 46.56746344221023 5.5283499680982236e-09 0.4
-2.25 44.561312043575526 5.594874387984452e-09 0.4
-2.25 42.48111287543235 5.665109011454022e-09 0.4
-2.25 40.31490917470875 5.744859087231826e-09 0.4
-2.25 38.04750745361985 5.835615194635206e-09 0.4
-2.25 35.659087696138755 5.936376680212223e-09 0.4
-2.25 33.12294020774379 6.052130303549125e-09 0.4
-2.25 30.401547663243015 6.187051480618127e-09 0.4
-2.25 27.439240150681094 6.345167017825564e-09 0.4
-2.25 24.146847996502373 6.525900654641833e-09 0.4
-2.25 20.364134806317807 6.706787785052352e-09 0.4
-2.25 15.740548525168737 6.903997326224133e-09 0.4
-2.25 9.06872154603269 7.22563799395997e-09 0.4
2.25 89.28378410380506 4.879768934403023e-09 0.4
2.25 87.85090437313598 4.883722157548845e-09 0.4
2.25 86.41667830152802 4.871682397769144e-09 0.4
2.25 84.98019986832188 4.864072676821988e-09 0.4
2.25 83.54055022264492 4.860717617224209e-09 0.4
2.25 82.09679226651541 4.861333859034786e-09 0.4
2.25 80.64796494243684 4.866097531178857e-09 0.4
2.25 79.19307712513965 4.874939989887475e-09 0.4
2.25 77.73110100404344 4.887740627031311e-09 0.4
2.25 76.26096482563027 4.901935538940987e-09 0.4
2.25 74.7815448422298 4.91127452459502e-09 0.4
2.25 73.29165628434475 4.920742326960827e-09 0.4
2.25 71.790043135717 4.933068027950178e-09 0.4
2.25 70.27536644129832 4.948805044270972e-09 0.4
2.25 68.74619081464031 4.968136030370761e-09 0.4
2.25 67.20096872811118 4.991104162120127e-09 0.4
2.25 65.63802206002008 5.016306748944438e-09 0.4
2.25 64.05552022763 5.043364208050728e-09 0.4
2.25 62.45145404051587 5.074077257331772e-09 0.4
2.25 60.82360414498552 5.1082584461881936e-09 0.4
2.25 59.169502568212096 5.145027826227061e-09 0.4
2.25 57.48638536677864 5.185818372525462e-09 0.4
2.25 55.771133672187425 5.230671736828773e-09 0.4
2.25 54.020199402525776 5.279484658346214e-09 0.4
2.25 52.22951041136422 5.332991928504839e-09 0.4
2.25 50.39434760613205 5.383594182015908e-09 0.4
2.25 48.50918314434817 5.4384808812373714e-09 0.4
2.25 46.56746344221023 5.498810873260349e-09 0.4
2.25 44.561312043575526 5.565465548237721e-09 0.4
2.25 42.48111287543235 5.639276326559179e-09 0.4
2.25 40.31490917470875 5.721318790373779e-09 0.4
2.25 38.04750745361985 5.812923400029752e-09 0.4
2.25 35.659087696138755 5.915830509482689e-09 0.4
2.25 33.12294020774379 6.032480923268408e-09 0.4
2.25 30.401547663243015 6.166242697135378e-09 0.4
2.25 27.439240150681094 6.321721982510164e-09 0.4
2.25 24.146847996502373 6.503126391347673e-09 0.4
2.25 20.364134806317807 6.6936508740912555e-09 0.4
2.25 15.740548525168737 6.880677263934676e-09 0.4
2.25 9.06872154603269 7.202341438397739e-09 0.4
6.75 89.28378410380506 4.861992603159684e-09 0.4
6.75 87.85090437313598 4.875005751462007e-09 0.4
6.75 86.41667830152802 4.889021766894722e-09 0.4
6.75 84.98019986832188 4.904696545452277e-09 0.4
6.75 83.54055022264492 4.894437074061878e-09 0.4
6.75 82.09679226651541 4.888479915070415e-09 0.4
6.75 80.64796494243684 4.886636324910656e-09 0.4
6.75 79.19307712513965 4.889026522122058e-09 0.4
6.75 77.73110100404344 4.8956101099568155e-09 0.4
6.75 76.26096482563027 4.9041838181891535e-09 0.4
6.75 74.7815448422298 4.909465167664851e-09 0.4
6.75 73.29165628434475 4.915058570149733e-09 0.4
6.75 71.790043135717 4.923627589883319e-09 0.4
6.75 70.27536644129832 4.935893959023399e-09 0.4
6.75 68.74619081464031 4.952082296106188e-09 0.4
6.75 67.20096872811118 4.972261264211251e-09 0.4
6.75 65.63802206002008 4.996280781856764e-09 0.4
6.75 64.05552022763 5.021622089782849e-09 0.4
6.75 62.45145404051587 5.050860517738682e-09 0.4
6.75 60.82360414498552 5.083574389687335e-09 0.4
6.75 59.169502568212096 5.119185144325215e-09 0.4
6.75 57.48638536677864 5.1591468094279694e-09 0.4
6.75 55.771133672187425 5.203569375257092e-09 0.4
6.75 54.020199402525776 5.252471448652889e-09 0.4
6.75 52.22951041136422 5.306180833555978e-09 0.4
6.75 50.39434760613205 5.356592810352621e-09 0.4
6.75 48.50918314434817 5.412449061415319e-09 0.4
6.75 46.56746344221023 5.474110463188006e-09 0.4
6.75 44.561312043575526 5.541925222016802e-09 0.4
6.75 42.48111287543235 5.61703144324397e-09 0.4
6.75 40.31490917470875 5.700417204450112e-09 0.4
6.75 38.04750745361985 5.793339810021654e-09 0.4
6.75 35.659087696138755 5.897491265059189e-09 0.4
6.75 33.12294020774379 6.015232655406241e-09 0.4
6.75 30.401547663243015 6.1498728347600174e-09 0.4
6.75 27.439240150681094 6.306010540866199e-09 0.4
6.75 24.146847996502373 6.489137993334192e-09 0.4
6.75 20.364134806317807 6.67923066160758e-09 0.4
6.75 15.740548525168737 6.8658250954095154e-09 0.4
6.75 9.06872154603269 7.18797096496212e-09 0.4
11.25 89.28378410380506 4.863619489044439e-09 0.4
11.25 87.85090437313598 4.871910252077586e-09 0.4
11.25 86.41667830152802 4.880926034472371e-09 0.4
11.25 84.98019986832188 4.894247794206948e-09 0.4
11.25 83.54055022264492 4.9126070479282785e-09 0.4
11.25 82.09679226651541 4.936812959578247e-09 0.4
11.25 80.64796494243684 4.932265153162282e-09 0.4
11.25 79.19307712513965 4.9274297823694755e-09 0.4
11.25 77.73110100404344 4.926718009245719e-09 0.4
11.25 76.26096482563027 4.928515119727682e-09 0.4
11.25 74.7815448422298 4.928484446639726e-09 0.4
11.25 73.29165628434475 4.9291228141528106e-09 0.4
11.25 71.790043135717 4.932804319942673e-09 0.4
11.25 70.27536644129832 4.940442101516775e-09 0.4
11.25 68.74619081464031 4.952215919552537e-09 0.4
11.25 67.20096872811118 4.967817714473342e-09 0.4
11.25 65.63802206002008 4.987874606023751e-09 0.4
11.25 64.05552022763 5.010684230955932e-09 0.4
11.25 62.45145404051587 5.036965084118463e-09 0.4
11.25 60.82360414498552 5.067652838217779e-09 0.4
11.25 59.169502568212096 5.101580802371876e-09 0.4
11.25 57.48638536677864 5.140175516865751e-09 0.4
11.25 55.771133672187425 5.18365321969722e-09 0.4
11.25 54.020199402525776 5.23220052913303e-09 0.4
11.25 52.22951041136422 5.285220562655301e-09 0.4
11.25 50.39434760613205 5.3358859265336965e-09 0.4
11.25 48.50918314434817 5.392320888909334e-09 0.4
11.25 46.56746344221023 5.454960773371885e-09 0.4
11.25 44.561312043575526 5.524303827599063e-09 0.4
11.25 42.48111287543235 5.60062115331045e-09 0.4
11.25 40.31490917470875 5.685306780867112e-09 0.4
11.25 38.04750745361985 5.779306768780538e-09 0.4
11.25 35.659087696138755 5.884344989295247e-09 0.4
11.25 33.12294020774379 6.0028077817363e-09 0.4
11.25 30.401547663243015 6.137917134821604e-09 0.4
11.25 27.439240150681094 6.294232318490793e-09 0.4
11.25 24.146847996502373 6.477811657322999e-09 0.4
11.25 20.364134806317807 6.6667906587224935e-09 0.4
11.25 15.740548525168737 6.8539318068363015e-09 0.4
11.25 9.06872154603269 7.175933368517737e-09 0.4
15.75 89.28378410380506 4.8813924589991214e-09 0.4
15.75 87.85090437313598 4.884885360212588e-09 0.4
15.75 86.41667830152802 4.888272161937808e-09 0.4
15.75 84.98019986832188 4.896662436054276e-09 0.4
15.75 83.54055022264492 4.910452270875114e-09 0.4
15.75 82.09679226651541 4.929965194718267e-09 0.4
15.75 80.64796494243684 4.95549193838115e-09 0.4
15.75 79.19307712513965 4.987373371717519e-09 0.4
15.75 77.73110100404344 4.986371163817482e-09 0.4
15.75 76.26096482563027 4.979922904252481e-09 0.4
15.75 74.7815448422298 4.973110950505099e-09 0.4
15.75 73.29165628434475 4.9671946764310336e-09 0.4
15.75 71.790043135717 4.9640630019003234e-09 0.4
15.75 70.27536644129832 4.965111391838858e-09 0.4
15.75 68.74619081464031 4.9707443046313775e-09 0.4
15.75 67.20096872811118 4.981100948795657e-09 0.4
15.75 65.63802206002008 4.996294563136962e-09 0.4
15.75 64.05552022763 5.0161685069242826e-09 0.4
15.75 62.45145404051587 5.0386041386081075e-09 0.4
15.75 60.82360414498552 5.065866478105734e-09 0.4
15.75 59.169502568212096 5.096861479911137e-09 0.4
15.75 57.48638536677864 5.133070993430952e-09 0.4
15.75 55.771133672187425 5.1746219675894765e-09 0.4
15.75 54.020199402525776 5.221643935042476e-09 0.4
15.75 52.22951041136422 5.272903919266725e-09 0.4
15.75 50.39434760613205 5.322599022691117e-09 0.4
15.75 48.50918314434817 5.378350658135336e-09 0.4
15.75 46.56746344221023 5.440577475863138e-09 0.4
15.75 44.561312043575526 5.509813188579945e-09 0.4
15.75 42.48111287543235 5.586679378680994e-09 0.4
15.75 40.31490917470875 5.671545273036767e-09 0.4
15.75 38.04750745361985 5.76605577565473e-09 0.4
15.75 35.659087696138755 5.871779821996248e-09 0.4
15.75 33.12294020774379 5.990893116051422e-09 0.4
15.75 30.401547663243015 6.126544127207292e-09 0.4
15.75 27.439240150681094 6.283252070251214e-09 0.4
15.75 24.146847996502373 6.4664487376046304e-09 0.4
15.75 20.364134806317807 6.653490474266597e-09 0.4
15.75 15.740548525168737 6.840961323254825e-09 0.4
15.75 9.06872154603269 7.161103369306032e-09 0.4
20.25 89.28378410380506 4.911229786031979e-09 0.4
20.25 87.85090437313598 4.910675481652458e-09 0.4
20.25 86.41667830152802 4.91040010999574e-09 0.4
20.25 84.98019986832188 4.914995555026884e-09 0.4
20.25 83.54055022264492 4.9248852947103885e-09 0.4
20.25 82.09679226651541 4.9404102964406766e-09 0.4
20.25 80.64796494243684 4.961908890133758e-09 0.4
20.25 79.19307712513965 4.9897347016118145e-09 0.4
20.25 77.73110100404344 5.024330899614525e-09 0.4
20.25 76.26096482563027 5.064114607574511e-09 0.4
20.25 74.7815448422298 5.048395542626651e-09 0.4
20.25 73.29165628434475 5.034445463753872e-09 0.4
20.25 71.790043135717 5.023740752535802e-09 0.4
20.25 70.27536644129832 5.017376946137371e-09 0.4
20.25 68.74619081464031 5.015858860521922e-09 0.4
20.25 67.20096872811118 5.019425233639917e-09 0.4
20.25 65.63802206002008 5.028158219084054e-09 0.4
20.25 64.05552022763 5.042135854724054e-09 0.4
20.25 62.45145404051587 5.060494799765022e-09 0.4
20.25 60.82360414498552 5.082986163787942e-09 0.4
20.25 59.169502568212096 5.1095789406556026e-09 0.4
20.25 57.48638536677864 5.1418140395815445e-09 0.4
20.25 55.771133672187425 5.179816865363045e-09 0.4
20.25 54.020199402525776 5.2236919494468515e-09 0.4
20.25 52.22951041136422 5.271735717590943e-09 0.4
20.25 50.39434760613205 5.319188512254763e-09 0.4
20.25 48.50918314434817 5.373079281850251e-09 0.4
20.25 46.56746344221023 5.433806770250415e-09 0.4
20.25 44.561312043575526 5.50190552310912e-09 0.4
20.25 42.48111287543235 5.577994366969912e-09 0.4
20.25 40.31490917470875 5.6628136235765865e-09 0.4
20.25 38.04750745361985 5.756904879447245e-09 0.4
20.25 35.659087696138755 5.8622697966616916e-09 0.4
20.25 33.12294020774379 5.9810168690327264e-09 0.4
20.25 30.401547663243015 6.116139172395447e-09 0.4
20.25 27.439240150681094 6.271410638628733e-09 0.4
20.25 24.146847996502373 6.453651961814872e-09 0.4
20.25 20.364134806317807 6.638830984146687e-09 0.4
20.25 15.740548525168737 6.82592142941582e-09 0.4
20.25 9.06872154603269 7.134972003663733e-09 0.4
24.75 89.28378410380506 4.952536427026753e-09 0.4
24.75 87.85090437313598 4.949343345529324e-09 0.4
24.75 86.41667830152802 4.946116770190343e-09 0.4
24.75 84.98019986832188 4.947598453232005e-09 0.4
24.75 83.54055022264492 4.954255610605377e-09 0.4
24.75 82.09679226651541 4.96642710246406e-09 0.4
24.75 80.64796494243684 4.984462285604336e-09 0.4
24.75 79.19307712513965 5.00875326376468e-09 0.4
24.75 77.73110100404344 5.039750358572971e-09 0.4
24.75 76.26096482563027 5.0780096257561384e-09 0.4
24.75 74.7815448422298 5.091871115774453e-09 0.4
24.75 73.29165628434475 5.101124994638124e-09 0.4
24.75 71.790043135717 5.1180206217812825e-09 0.4
24.75 70.27536644129832 5.104124341499034e-09 0.4
24.75 68.74619081464031 5.093924744917076e-09 0.4
24.75 67.20096872811118 5.088972299936974e-09 0.4
24.75 65.63802206002008 5.089550725085998e-09 0.4
24.75 64.05552022763 5.095754342315964e-09 0.4
24.75 62.45145404051587 5.107678905825861e-09 0.4
24.75 60.82360414498552 5.124174505340636e-09 0.4
24.75 59.169502568212096 5.1445511272552256e-09 0.4
24.75 57.48638536677864 5.170950448774184e-09 0.4
24.75 55.771133672187425 5.2035658422523695e-09 0.4
24.75 54.020199402525776 5.2425156088120606e-09 0.4
24.75 52.22951041136422 5.2857263725966286e-09 0.4
24.75 50.39434760613205 5.3293234713393695e-09 0.4
24.75 48.50918314434817 5.379887378408998e-09 0.4
24.75 46.56746344221023 5.437734663500275e-09 0.4
24.75 44.561312043575526 5.5032827288477085e-09 0.4
24.75 42.48111287543235 5.577108415538756e-09 0.4
24.75 40.31490917470875 5.6600390230717075e-09 0.4
24.75 38.04750745361985 5.7529012280776105e-09 0.4
24.75 35.659087696138755 5.856706284871112e-09 0.4
24.75 33.12294020774379 5.97332219678398e-09 0.4
24.75 30.401547663243015 6.106085966265063e-09 0.4
24.75 27.439240150681094 6.25948136473859e-09 0.4
24.75 24.146847996502373 6.440241443528547e-09 0.4
24.75 20.364134806317807 6.621301665947782e-09 0.4
24.75 15.740548525168737 6.8069469446989715e-09 0.4
24.75 9.06872154603269 7.103001483816819e-09 0.4
29.25 89.28378410380506 5.0055773422528625e-09 0.4
29.25 87.85090437313598 5.000076255519985e-09 0.4
29.25 86.41667830152802 4.994721091935514e-09 0.4
29.25 84.98019986832188 4.993613038882341e-09 0.4
29.25 83.54055022264492 4.9975784877125595e-09 0.4
29.25 82.09679226651541 5.006961727331462e-09 0.4
29.25 80.64796494243684 5.0221203246927646e-09 0.4
29.25 79.19307712513965 5.043447217536497e-09 0.4
29.25 77.73110100404344 5.071397193457924e-09 0.4
29.25 76.26096482563027 5.102841182666052e-09 0.4
29.25 74.7815448422298 5.100211113973313e-09 0.4
29.25 73.29165628434475 5.104361896104443e-09 0.4
29.25 71.790043135717 5.116038266741798e-09 0.4
29.25 70.27536644129832 5.136015772140312e-09 0.4
29.25 68.74619081464031 5.1651532769976345e-09 0.4
29.25 67.20096872811118 5.1960709008838666e-09 0.4
29.25 65.63802206002008 5.179320622602365e-09 0.4
29.25 64.05552022763 5.167858349624471e-09 0.4
29.25 62.45145404051587 5.1633969393800345e-09 0.4
29.25 60.82360414498552 5.166056685592669e-09 0.4
29.25 59.169502568212096 5.175706268149853e-09 0.4
29.25 57.48638536677864 5.19175180276565e-09 0.4
29.25 55.771133672187425 5.214655160293934e-09 0.4
29.25 54.020199402525776 5.245237191686606e-09 0.4
29.25 52.22951041136422 5.28367232283442e-09 0.4
29.25 50.39434760613205 5.330118607677081e-09 0.4
29.25 48.50918314434817 5.3848203229910464e-09 0.4
29.25 46.56746344221023 5.448067117014971e-09 0.4
29.25 44.561312043575526 5.516684691172803e-09 0.4
29.25 42.48111287543235 5.586348465772077e-09 0.4
29.25 40.31490917470875 5.664899641858238e-09 0.4
29.25 38.04750745361985 5.753836189012579e-09 0.4
29.25 35.659087696138755 5.854186747404062e-09 0.4
29.25 33.12294020774379 5.967715773041911e-09 0.4
29.25 30.401547663243015 6.097600023724519e-09 0.4
29.25 27.439240150681094 6.24807036218623e-09 0.4
29.25 24.146847996502373 6.4259503700308384e-09 0.4
29.25 20.364134806317807 6.6013231159074635e-09 0.4
29.25 15.740548525168737 6.784254204059448e-09 0.4
29.25 9.06872154603269 7.068343133882833e-09 0.4
33.75 89.28378410380506 5.070776474399489e-09 0.4
33.75 87.85090437313598 5.063353606075659e-09 0.4
33.75 86.41667830152802 5.056028202958871e-09 0.4
33.75 84.98019986832188 5.053085128397172e-09 0.4
33.75 83.54055022264492 5.054842332505237e-09 0.4
33.75 82.09679226651541 5.06192419408509e-09 0.4
33.75 80.64796494243684 5.074673309803939e-09 0.4
33.75 79.19307712513965 5.093483528204936e-09 0.4
33.75 77.73110100404344 5.118798167564926e-09 0.4
33.75 76.26096482563027 5.131299996800023e-09 0.4
33.75 74.7815448422298 5.124599950361348e-09 0.4
33.75 73.29165628434475 5.124535492405429e-09 0.4
33.75 71.790043135717 5.131017847823302e-09 0.4
33.75 70.27536644129832 5.144729354858184e-09 0.4
33.75 68.74619081464031 5.167581599155506e-09 0.4
33.75 67.20096872811118 5.20063187735739e-09 0.4
33.75 65.63802206002008 5.2450841968105325e-09 0.4
33.75 64.05552022763 5.252640468821042e-09 0.4
33.75 62.45145404051587 5.234360985061545e-09 0.4
33.75 60.82360414498552 5.223168029415266e-09 0.4
33.75 59.169502568212096 5.219680105617733e-09 0.4
33.75 57.48638536677864 5.223998015804896e-09 0.4
33.75 55.771133672187425 5.236472173489463e-09 0.4
33.75 54.020199402525776 5.257369224757713e-09 0.4
33.75 52.22951041136422 5.287053860302008e-09 0.4
33.75 50.39434760613205 5.3257439328388125e-09 0.4
33.75 48.50918314434817 5.3736387681879105e-09 0.4
33.75 46.56746344221023 5.43041668813476e-09 0.4
33.75 44.561312043575526 5.497133777497292e-09 0.4
33.75 42.48111287543235 5.5740396908384745e-09 0.4
33.75 40.31490917470875 5.661713178506561e-09 0.4
33.75 38.04750745361985 5.7537132773496774e-09 0.4
33.75 35.659087696138755 5.852086888040726e-09 0.4
33.75 33.12294020774379 5.9643435507943515e-09 0.4
33.75 30.401547663243015 6.092805678592666e-09 0.4
33.75 27.439240150681094 6.239431004623956e-09 0.4
33.75 24.146847996502373 6.412334929523338e-09 0.4
33.75 20.364134806317807 6.579568512497755e-09 0.4
33.75 15.740548525168737 6.75754909962463e-09 0.4
33.75 9.06872154603269 7.0312793731932055e-09 0.4
38.25 89.28378410380506 5.149429670890796e-09 0.4
38.25 87.85090437313598 5.140319774634224e-09 0.4
38.25 86.41667830152802 5.131292282073765e-09 0.4
38.25 84.98019986832188 5.1266882216231035e-09 0.4
38.25 83.54055022264492 5.126774294176918e-09 0.4
38.25 82.09679226651541 5.1319332580750086e-09 0.4
38.25 80.64796494243684 5.1426799568293825e-09 0.4
38.25 79.19307712513965 5.159388994520038e-09 0.4
38.25 77.73110100404344 5.182504369528404e-09 0.4
38.25 76.26096482563027 5.174381636737838e-09 0.4
38.25 74.7815448422298 5.1629406497445614e-09 0.4
38.25 73.29165628434475 5.1575597882927234e-09 0.4
38.25 71.790043135717 5.159451959898382e-09 0.4
38.25 70.27536644129832 5.169441221032489e-09 0.4
38.25 68.74619081464031 5.188415910791714e-09 0.4
38.25 67.20096872811118 5.217466308219534e-09 0.4
38.25 65.63802206002008 5.257789481680956e-09 0.4
38.25 64.05552022763 5.310610239570993e-09 0.4
38.25 62.45145404051587 5.3439840099927906e-09 0.4
38.25 60.82360414498552 5.3169874720761145e-09 0.4
38.25 59.169502568212096 5.298227355275506e-09 0.4
38.25 57.48638536677864 5.288502771822971e-09 0.4
38.25 55.771133672187425 5.288112571926918e-09 0.4
38.25 54.020199402525776 5.296746752858616e-09 0.4
38.25 52.22951041136422 5.314391843593302e-09 0.4
38.25 50.39434760613205 5.341667634150789e-09 0.4
38.25 48.50918314434817 5.379274113197726e-09 0.4
38.25 46.56746344221023 5.427505354429866e-09 0.4
38.25 44.561312043575526 5.486691261950738e-09 0.4
38.25 42.48111287543235 5.557240102988075e-09 0.4
38.25 40.31490917470875 5.639681800318186e-09 0.4
38.25 38.04750745361985 5.7272451947093836e-09 0.4
38.25 35.659087696138755 5.8225466386313724e-09 0.4
38.25 33.12294020774379 5.932698743042913e-09 0.4
38.25 30.401547663243015 6.05993446378859e-09 0.4
38.25 27.439240150681094 6.207978328510109e-09 0.4
38.25 24.146847996502373 6.382721869259136e-09 0.4
38.25 20.364134806317807 6.559232090770738e-09 0.4
38.25 15.740548525168737 6.7279728364336006e-09 0.4
38.25 9.06872154603269 6.9866674600963075e-09 0.4
42.75 89.28378410380506 5.243677803207865e-09 0.4
42.75 87.85090437313598 5.232920388549721e-09 0.4
42.75 86.41667830152802 5.222337060663348e-09 0.4
42.75 84.98019986832188 5.216137055148631e-09 0.4
42.75 83.54055022264492 5.214861709865781e-09 0.4
42.75 82.09679226651541 5.2183694431591025e-09 0.4
42.75 80.64796494243684 5.227366517107723e-09 0.4
42.75 79.19307712513965 5.242253756819017e-09 0.4
42.75 77.73110100404344 5.248520461845111e-09 0.4
42.75 76.26096482563027 5.2283339424106744e-09 0.4
42.75 74.7815448422298 5.213876783790606e-09 0.4
42.75 73.29165628434475 5.205839826921655e-09 0.4
42.75 71.790043135717 5.204940293784631e-09 0.4
42.75 70.27536644129832 5.211981090020861e-09 0.4
42.75 68.74619081464031 5.2278126491482385e-09 0.4
42.75 67.20096872811118 5.253528827877392e-09 0.4
42.75 65.63802206002008 5.290315109543958e-09 0.4
42.75 64.05552022763 5.339295809093247e-09 0.4
42.75 62.45145404051587 5.381545691398468e-09 0.4
42.75 60.82360414498552 5.422321528993566e-09 0.4
42.75 59.169502568212096 5.418986063870425e-09 0.4
42.75 57.48638536677864 5.391330865459716e-09 0.4
42.75 55.771133672187425 5.373633819715398e-09 0.4
42.75 54.020199402525776 5.36644067948134e-09 0.4
42.75 52.22951041136422 5.369986880576841e-09 0.4
42.75 50.39434760613205 5.384558083148502e-09 0.4
42.75 48.50918314434817 5.410080834892442e-09 0.4
42.75 46.56746344221023 5.447120201124728e-09 0.4
42.75 44.561312043575526 5.496174202795003e-09 0.4
42.75 42.48111287543235 5.557618866661288e-09 0.4
42.75 40.31490917470875 5.631919923187762e-09 0.4
42.75 38.04750745361985 5.712307566379246e-09 0.4
42.75 35.659087696138755 5.801843500701839e-09 0.4
42.75 33.12294020774379 5.907252450992272e-09 0.4
42.75 30.401547663243015 6.030841188062043e-09 0.4
42.75 27.439240150681094 6.176092390227896e-09 0.4
42.75 24.146847996502373 6.349371385866485e-09 0.4
42.75 20.364134806317807 6.5437749009680536e-09 0.4
42.75 15.740548525168737 6.698206684652349e-09 0.4
42.75 9.06872154603269 6.94715790033464e-09 0.4
47.25 89.28378410380506 5.356353529246718e-09 0.4
47.25 87.85090437313598 5.34378836501825e-09 0.4
47.25 86.41667830152802 5.331711681053748e-09 0.4
47.25 84.98019986832188 5.323922425173313e-09 0.4
47.25 83.54055022264492 5.3210626924346965e-09 0.4
47.25 82.09679226651541 5.3232766035403616e-09 0.4
47.25 80.64796494243684 5.330620102498302e-09 0.4
47.25 79.19307712513965 5.343760485112416e-09 0.4
47.25 77.73110100404344 5.319545884834493e-09 0.4
47.25 76.26096482563027 5.297549236305686e-09 0.4
47.25 74.7815448422298 5.281193961566038e-09 0.4
47.25 73.29165628434475 5.271135403860144e-09 0.4
47.25 71.790043135717 5.268067971607892e-09 0.4
47.25 70.27536644129832 5.272748801967594e-09 0.4
47.25 68.74619081464031 5.286016117926268e-09 0.4
47.25 67.20096872811118 5.308934571628566e-09 0.4
47.25 65.63802206002008 5.3425882214580425e-09 0.4
47.25 64.05552022763 5.3736225250907945e-09 0.4
47.25 62.45145404051587 5.3960929065547055e-09 0.4
47.25 60.82360414498552 5.428084282638484e-09 0.4
47.25 59.169502568212096 5.4626703546193684e-09 0.4
47.25 57.48638536677864 5.513377527418617e-09 0.4
47.25 55.771133672187425 5.502250916254383e-09 0.4
47.25 54.020199402525776 5.477062732926046e-09 0.4
47.25 52.22951041136422 5.463359153659892e-09 0.4
47.25 50.39434760613205 5.461586770492814e-09 0.4
47.25 48.50918314434817 5.472050870087536e-09 0.4
47.25 46.56746344221023 5.4949749398949995e-09 0.4
47.25 44.561312043575526 5.530568765939488e-09 0.4
47.25 42.48111287543235 5.579537636480959e-09 0.4
47.25 40.31490917470875 5.642514857403501e-09 0.4
47.25 38.04750745361985 5.712785761523365e-09 0.4
47.25 35.659087696138755 5.793699471551803e-09 0.4
47.25 33.12294020774379 5.891550074587757e-09 0.4
47.25 30.401547663243015 6.008668450581748e-09 0.4
47.25 27.439240150681094 6.148654864900362e-09 0.4
47.25 24.146847996502373 6.317372213143352e-09 0.4
47.25 20.364134806317807 6.523378398519583e-09 0.4
47.25 15.740548525168737 6.6730212554828225e-09 0.4
47.25 9.06872154603269 6.914915808161205e-09 0.4
51.75 89.28378410380506 5.490888279208598e-09 0.4
51.75 87.85090437313598 5.476219345685547e-09 0.4
51.75 86.41667830152802 5.46251521931197e-09 0.4
51.75 84.98019986832188 5.452984184344087e-09 0.4
51.75 83.54055022264492 5.448412063949329e-09 0.4
51.75 82.09679226651541 5.449034298841684e-09 0.4
51.75 80.64796494243684 5.454789755176173e-09 0.4
51.75 79.19307712513965 5.435564094102893e-09 0.4
51.75 77.73110100404344 5.407649845752793e-09 0.4
51.75 76.26096482563027 5.3842239957268965e-09 0.4
51.75 74.7815448422298 5.3663796625656355e-09 0.4
51.75 73.29165628434475 5.354738790607173e-09 0.4
51.75 71.790043135717 5.34994074028737e-09 0.4
51.75 70.27536644129832 5.352710873835721e-09 0.4
51.75 68.74619081464031 5.363846460182498e-09 0.4
51.75 67.20096872811118 5.384343085397168e-09 0.4
51.75 65.63802206002008 5.400143280620802e-09 0.4
51.75 64.05552022763 5.406546877569711e-09 0.4
51.75 62.45145404051587 5.423429070158148e-09 0.4
51.75 60.82360414498552 5.447857567136745e-09 0.4
51.75 59.169502568212096 5.478203604468642e-09 0.4
51.75 57.48638536677864 5.524818023018868e-09 0.4
51.75 55.771133672187425 5.5833557892873364e-09 0.4
51.75 54.020199402525776 5.617463918747805e-09 0.4
51.75 52.22951041136422 5.5714417224256895e-09 0.4
51.75 50.39434760613205 5.541260447212629e-09 0.4
51.75 48.50918314434817 5.527314502476972e-09 0.4
51.75 46.56746344221023 5.529413800185667e-09 0.4
51.75 44.561312043575526 5.548146017659176e-09 0.4
51.75 42.48111287543235 5.583991162539322e-09 0.4
51.75 40.31490917470875 5.637006596859699e-09 0.4
51.75 38.04750745361985 5.708207724726712e-09 0.4
51.75 35.659087696138755 5.798490185438698e-09 0.4
51.75 33.12294020774379 5.892514057965954e-09 0.4
51.75 30.401547663243015 6.0000860885925955e-09 0.4
51.75 27.439240150681094 6.1314726247390304e-09 0.4
51.75 24.146847996502373 6.292297456188738e-09 0.4
51.75 20.364134806317807 6.489233202603924e-09 0.4
51.75 15.740548525168737 6.644008349775614e-09 0.4
51.75 9.06872154603269 6.868845325646305e-09 0.4
56.25 89.28378410380506 5.651156150369007e-09 0.4
56.25 87.85090437313598 5.63389845998597e-09 0.4
56.25 86.41667830152802 5.618211579603226e-09 0.4
56.25 84.98019986832188 5.60659261739061e-09 0.4
56.25 83.54055022264492 5.599975120978923e-09 0.4
56.25 82.09679226651541 5.598540843843937e-09 0.4
56.25 80.64796494243684 5.577386441997527e-09 0.4
56.25 79.19307712513965 5.54407742232034e-09 0.4
56.25 77.73110100404344 5.514933381226063e-09 0.4
56.25 76.26096482563027 5.490642288253707e-09 0.4
56.25 74.7815448422298 5.471524867233635e-09 0.4
56.25 73.29165628434475 5.458518432953705e-09 0.4
56.25 71.790043135717 5.452232201127094e-09 0.4
56.25 70.27536644129832 5.4533406385755376e-09 0.4
56.25 68.74619081464031 5.4625620980314955e-09 0.4
56.25 67.20096872811118 5.455284164875431e-09 0.4
56.25 65.63802206002008 5.451488578931231e-09 0.4
56.25 64.05552022763 5.454197600593061e-09 0.4
56.25 62.45145404051587 5.46782548708119e-09 0.4
56.25 60.82360414498552 5.4853406792495434e-09 0.4
56.25 59.169502568212096 5.5125450786229845e-09 0.4
56.25 57.48638536677864 5.54563000937641e-09 0.4
56.25 55.771133672187425 5.575651981156549e-09 0.4
56.25 54.020199402525776 5.626092658999316e-09 0.4
56.25 52.22951041136422 5.6707421392624235e-09 0.4
56.25 50.39434760613205 5.618630833179884e-09 0.4
56.25 48.50918314434817 5.583843013909592e-09 0.4
56.25 46.56746344221023 5.5672532808075586e-09 0.4
56.25 44.561312043575526 5.569376938321449e-09 0.4
56.25 42.48111287543235 5.590173332615791e-09 0.4
56.25 40.31490917470875 5.630155034197547e-09 0.4
56.25 38.04750745361985 5.6896267058544875e-09 0.4
56.25 35.659087696138755 5.769570466035023e-09 0.4
56.25 33.12294020774379 5.87125487473191e-09 0.4
56.25 30.401547663243015 5.990652135084351e-09 0.4
56.25 27.439240150681094 6.123548189915173e-09 0.4
56.25 24.146847996502373 6.279848615626551e-09 0.4
56.25 20.364134806317807 6.463633599654023e-09 0.4
56.25 15.740548525168737 6.603544262211716e-09 0.4
56.25 9.06872154603269 6.8344709934534045e-09 0.4
60.75 89.28378410380506 5.840995727969497e-09 0.4
60.75 87.85090437313598 5.82066743431502e-09 0.4
60.75 86.41667830152802 5.802369827627449e-09 0.4
60.75 84.98019986832188 5.788121073869452e-09 0.4
60.75 83.54055022264492 5.773208314481825e-09 0.4
60.75 82.09679226651541 5.744600743853525e-09 0.4
60.75 80.64796494243684 5.710049163727654e-09 0.4
60.75 79.19307712513965 5.675280103501539e-09 0.4
60.75 77.73110100404344 5.64480357064846e-09 0.4
60.75 76.26096482563027 5.619365346854708e-09 0.4
60.75 74.7815448422298 5.599200282249322e-09 0.4
60.75 73.29165628434475 5.584807879148566e-09 0.4
60.75 71.790043135717 5.57701314846248e-09 0.4
60.75 70.27536644129832 5.560798332090288e-09 0.4
60.75 68.74619081464031 5.540453531764383e-09 0.4
60.75 67.20096872811118 5.527166743829144e-09 0.4
60.75 65.63802206002008 5.520114125005919e-09 0.4
60.75 64.05552022763 5.520107422062244e-09 0.4
60.75 62.45145404051587 5.530206153353195e-09 0.4
60.75 60.82360414498552 5.542137030334295e-09 0.4
60.75 59.169502568212096 5.547744916780507e-09 0.4
60.75 57.48638536677864 5.556011970794707e-09 0.4
60.75 55.771133672187425 5.581560652235905e-09 0.4
60.75 54.020199402525776 5.627086037567376e-09 0.4
60.75 52.22951041136422 5.694401693071498e-09 0.4
60.75 50.39434760613205 5.740367346216919e-09 0.4
60.75 48.50918314434817 5.6819042532656885e-09 0.4
60.75 46.56746344221023 5.643235888276852e-09 0.4
60.75 44.561312043575526 5.624749616028673e-09 0.4
60.75 42.48111287543235 5.626822490299949e-09 0.4
60.75 40.31490917470875 5.6497234200706695e-09 0.4
60.75 38.04750745361985 5.6937303221748614e-09 0.4
60.75 35.659087696138755 5.759559705019754e-09 0.4
60.75 33.12294020774379 5.848667191425113e-09 0.4
60.75 30.401547663243015 5.9572395339550654e-09 0.4
60.75 27.439240150681094 6.081683280769766e-09 0.4
60.75 24.146847996502373 6.2394911426438934e-09 0.4
60.75 20.364134806317807 6.442100412062336e-09 0.4
60.75 15.740548525168737 6.5734435402238645e-09 0.4
60.75 9.06872154603269 6.807381587641383e-09 0.4
65.25 89.28378410380506 6.012256861057326e-09 0.4
65.25 87.85090437313598 5.9920384822326856e-09 0.4
65.25 86.41667830152802 5.975761166284516e-09 0.4
65.25 84.98019986832188 5.962894167865744e-09 0.4
65.25 83.54055022264492 5.939117707024203e-09 0.4
65.25 82.09679226651541 5.906800707436231e-09 0.4
65.25 80.64796494243684 5.869065000637869e-09 0.4
65.25 79.19307712513965 5.8326448876609296e-09 0.4
65.25 77.73110100404344 5.800508635390376e-09 0.4
65.25 76.26096482563027 5.773421775651544e-09 0.4
65.25 74.7815448422298 5.751850264230102e-09 0.4
65.25 73.29165628434475 5.7171265572185105e-09 0.4
65.25 71.790043135717 5.6839425940461414e-09 0.4
65.25 70.27536644129832 5.6559674933675e-09 0.4
65.25 68.74619081464031 5.633854736991899e-09 0.4
65.25 67.20096872811118 5.618660580231784e-09 0.4
65.25 65.63802206002008 5.608252394365678e-09 0.4
65.25 64.05552022763 5.605471949286418e-09 0.4
65.25 62.45145404051587 5.606271443441142e-09 0.4
65.25 60.82360414498552 5.584761897405603e-09 0.4
65.25 59.169502568212096 5.57412983493085e-09 0.4
65.25 57.48638536677864 5.5779590120711515e-09 0.4
65.25 55.771133672187425 5.5984469016604154e-09 0.4
65.25 54.020199402525776 5.639192624019666e-09 0.4
65.25 52.22951041136422 5.70212674607725e-09 0.4
65.25 50.39434760613205 5.78990279480345e-09 0.4
65.25 48.50918314434817 5.807330259446598e-09 0.4
65.25 46.56746344221023 5.738848707561755e-09 0.4
65.25 44.561312043575526 5.696076431126649e-09 0.4
65.25 42.48111287543235 5.679472043392356e-09 0.4
65.25 40.31490917470875 5.6887229355895615e-09 0.4
65.25 38.04750745361985 5.7238235031375875e-09 0.4
65.25 35.659087696138755 5.776937850529313e-09 0.4
65.25 33.12294020774379 5.850024265342604e-09 0.4
65.25 30.401547663243015 5.944040676619249e-09 0.4
65.25 27.439240150681094 6.056063279537687e-09 0.4
65.25 24.146847996502373 6.202852287744952e-09 0.4
65.25 20.364134806317807 6.395936963629937e-09 0.4
65.25 15.740548525168737 6.5578380389387245e-09 0.4
65.25 9.06872154603269 6.7672811536178545e-09 0.4
69.75 89.28378410380506 6.165442551720558e-09 0.4
69.75 87.85090437313598 6.1398940875405515e-09 0.4
69.75 86.41667830152802 6.120094180244935e-09 0.4
69.75 84.98019986832188 6.105454407068713e-09 0.4
69.75 83.54055022264492 6.088550270852728e-09 0.4
69.75 82.09679226651541 6.058458026899176e-09 0.4
69.75 80.64796494243684 6.031983557571407e-09 0.4
69.75 79.19307712513965 6.0097295769729945e-09 0.4
69.75 77.73110100404344 5.9692104604872916e-09 0.4
69.75 76.26096482563027 5.921427301109233e-09 0.4
69.75 74.7815448422298 5.877683325220875e-09 0.4
69.75 73.29165628434475 5.837844580259994e-09 0.4
69.75 71.790043135717 5.802754058677338e-09 0.4
69.75 70.27536644129832 5.7731719663101215e-09 0.4
69.75 68.74619081464031 5.749292016629026e-09 0.4
69.75 67.20096872811118 5.731743871062469e-09 0.4
69.75 65.63802206002008 5.717658904225669e-09 0.4
69.75 64.05552022763 5.683322539026708e-09 0.4
69.75 62.45145404051587 5.6487711247489e-09 0.4
69.75 60.82360414498552 5.624285425924001e-09 0.4
69.75 59.169502568212096 5.611497978617486e-09 0.4
69.75 57.48638536677864 5.612232171073265e-09 0.4
69.75 55.771133672187425 5.630068310673354e-09 0.4
69.75 54.020199402525776 5.667767482011045e-09 0.4
69.75 52.22951041136422 5.725993335324414e-09 0.4
69.75 50.39434760613205 5.771088719611901e-09 0.4
69.75 48.50918314434817 5.846223665559572e-09 0.4
69.75 46.56746344221023 5.801748994545377e-09 0.4
69.75 44.561312043575526 5.73630044775887e-09 0.4
69.75 42.48111287543235 5.69884204818259e-09 0.4
69.75 40.31490917470875 5.689157301318503e-09 0.4
69.75 38.04750745361985 5.707492014730514e-09 0.4
69.75 35.659087696138755 5.754521968736734e-09 0.4
69.75 33.12294020774379 5.8296096110930805e-09 0.4
69.75 30.401547663243015 5.934306208297284e-09 0.4
69.75 27.439240150681094 6.0539228984380715e-09 0.4
69.75 24.146847996502373 6.185254166240461e-09 0.4
69.75 20.364134806317807 6.364119111297026e-09 0.4
69.75 15.740548525168737 6.5175300495274896e-09 0.4
69.75 9.06872154603269 6.743948390012577e-09 0.4
74.25 89.28378410380506 6.342919469641868e-09 0.4
74.25 87.85090437313598 6.313141848986858e-09 0.4
74.25 86.41667830152802 6.272298883348674e-09 0.4
74.25 84.98019986832188 6.2338933000135894e-09 0.4
74.25 83.54055022264492 6.200512702336698e-09 0.4
74.25 82.09679226651541 6.172388780732019e-09 0.4
74.25 80.64796494243684 6.144443866245025e-09 0.4
74.25 79.19307712513965 6.119241837692136e-09 0.4
74.25 77.73110100404344 6.09899107125411e-09 0.4
74.25 76.26096482563027 6.07127276587329e-09 0.4
74.25 74.7815448422298 6.024973372348735e-09 0.4
74.25 73.29165628434475 5.9832580722610715e-09 0.4
74.25 71.790043135717 5.945913625540677e-09 0.4
74.25 70.27536644129832 5.9139232785451075e-09 0.4
74.25 68.74619081464031 5.887883107450544e-09 0.4
74.25 67.20096872811118 5.837610374345183e-09 0.4
74.25 65.63802206002008 5.786988442755646e-09 0.4
74.25 64.05552022763 5.742573186432706e-09 0.4
74.25 62.45145404051587 5.706338176973762e-09 0.4
74.25 60.82360414498552 5.679798348218633e-09 0.4
74.25 59.169502568212096 5.66501045057936e-09 0.4
74.25 57.48638536677864 5.664448959588321e-09 0.4
74.25 55.771133672187425 5.6806344926734726e-09 0.4
74.25 54.020199402525776 5.699139730815804e-09 0.4
74.25 52.22951041136422 5.7144276639460324e-09 0.4
74.25 50.39434760613205 5.7559510258953395e-09 0.4
74.25 48.50918314434817 5.829024023544047e-09 0.4
74.25 46.56746344221023 5.909721661365634e-09 0.4
74.25 44.561312043575526 5.8178845150014465e-09 0.4
74.25 42.48111287543235 5.7556629292004075e-09 0.4
74.25 40.31490917470875 5.722617618184367e-09 0.4
74.25 38.04750745361985 5.719805130786695e-09 0.4
74.25 35.659087696138755 5.747739778568075e-09 0.4
74.25 33.12294020774379 5.80681319503189e-09 0.4
74.25 30.401547663243015 5.896836638789564e-09 0.4
74.25 27.439240150681094 6.021354591614849e-09 0.4
74.25 24.146847996502373 6.171436243535326e-09 0.4
74.25 20.364134806317807 6.3531878322804e-09 0.4
74.25 15.740548525168737 6.4885111208604246e-09 0.4
74.25 9.06872154603269 6.713762718458621e-09 0.4
78.75 89.28378410380506 6.522512806304074e-09 0.4
78.75 87.85090437313598 6.464087932440973e-09 0.4
78.75 86.41667830152802 6.412616270046439e-09 0.4
78.75 84.98019986832188 6.367461983168158e-09 0.4
78.75 83.54055022264492 6.3284739606576136e-09 0.4
78.75 82.09679226651541 6.294986247669148e-09 0.4
78.75 80.64796494243684 6.266978228416376e-09 0.4
78.75 79.19307712513965 6.242745167122073e-09 0.4
78.75 77.73110100404344 6.224010758984505e-09 0.4
78.75 76.26096482563027 6.210821855612193e-09 0.4
78.75 74.7815448422298 6.199170454853082e-09 0.4
78.75 73.29165628434475 6.155567026275139e-09 0.4
78.75 71.790043135717 6.101414416568732e-09 0.4
78.75 70.27536644129832 6.035776878270648e-09 0.4
78.75 68.74619081464031 5.974206099910319e-09 0.4
78.75 67.20096872811118 5.916693614868448e-09 0.4
78.75 65.63802206002008 5.865005473122201e-09 0.4
78.75 64.05552022763 5.8201101521009615e-09 0.4
78.75 62.45145404051587 5.7830936459570345e-09 0.4
78.75 60.82360414498552 5.755711922368991e-09 0.4
78.75 59.169502568212096 5.739942827605119e-09 0.4
78.75 57.48638536677864 5.7302409515471054e-09 0.4
78.75 55.771133672187425 5.7056801041641055e-09 0.4
78.75 54.020199402525776 5.6984358434892986e-09 0.4
78.75 52.22951041136422 5.712763807887873e-09 0.4
78.75 50.39434760613205 5.753166334099984e-09 0.4
78.75 48.50918314434817 5.824885258355631e-09 0.4
78.75 46.56746344221023 5.934073199936455e-09 0.4
78.75 44.561312043575526 5.8685579553594165e-09 0.4
78.75 42.48111287543235 5.793142439357137e-09 0.4
78.75 40.31490917470875 5.7529936631169975e-09 0.4
78.75 38.04750745361985 5.748054402398164e-09 0.4
78.75 35.659087696138755 5.776725209344206e-09 0.4
78.75 33.12294020774379 5.81500964293635e-09 0.4
78.75 30.401547663243015 5.887036694839093e-09 0.4
78.75 27.439240150681094 5.99429574079396e-09 0.4
78.75 24.146847996502373 6.129612903256348e-09 0.4
78.75 20.364134806317807 6.307830192784405e-09 0.4
78.75 15.740548525168737 6.479505660642248e-09 0.4
78.75 9.06872154603269 6.683694478178548e-09 0.4
83.25 89.28378410380506 6.7230370238698544e-09 0.4
83.25 87.85090437313598 6.6546787384346056e-09 0.4
83.25 86.41667830152802 6.593816694893541e-09 0.4
83.25 84.98019986832188 6.540364702528605e-09 0.4
83.25 83.54055022264492 6.4940035979796804e-09 0.4
83.25 82.09679226651541 6.454480710535834e-09 0.4
83.25 80.64796494243684 6.421292851580929e-09 0.4
83.25 79.19307712513965 6.392876195569207e-09 0.4
83.25 77.73110100404344 6.352791937368357e-09 0.4
83.25 76.26096482563027 6.316412414792925e-09 0.4
83.25 74.7815448422298 6.284668981053643e-09 0.4
83.25 73.29165628434475 6.257095386961474e-09 0.4
83.25 71.790043135717 6.203166781329129e-09 0.4
83.25 70.27536644129832 6.140418509600502e-09 0.4
83.25 68.74619081464031 6.076231625065636e-09 0.4
83.25 67.20096872811118 6.017543755588329e-09 0.4
83.25 65.63802206002008 5.9647238211098085e-09 0.4
83.25 64.05552022763 5.918467978823418e-09 0.4
83.25 62.45145404051587 5.880215023464244e-09 0.4
83.25 60.82360414498552 5.829571681677538e-09 0.4
83.25 59.169502568212096 5.779188559181819e-09 0.4
83.25 57.48638536677864 5.7406949591072506e-09 0.4
83.25 55.771133672187425 5.71673261383281e-09 0.4
83.25 54.020199402525776 5.710399905919515e-09 0.4
83.25 52.22951041136422 5.725362931337441e-09 0.4
83.25 50.39434760613205 5.765934961034145e-09 0.4
83.25 48.50918314434817 5.837095175402641e-09 0.4
83.25 46.56746344221023 5.944128326090674e-09 0.4
83.25 44.561312043575526 5.920043450005716e-09 0.4
83.25 42.48111287543235 5.8223800646836416e-09 0.4
83.25 40.31490917470875 5.7610366840516745e-09 0.4
83.25 38.04750745361985 5.736216491659209e-09 0.4
83.25 35.659087696138755 5.748024204619356e-09 0.4
83.25 33.12294020774379 5.7956196089102545e-09 0.4
83.25 30.401547663243015 5.880313001282546e-09 0.4
83.25 27.439240150681094 5.998380081000892e-09 0.4
83.25 24.146847996502373 6.114505495673473e-09 0.4
83.25 20.364134806317807 6.276012615742173e-09 0.4
83.25 15.740548525168737 6.438524205901829e-09 0.4
83.25 9.06872154603269 6.674049698109347e-09 0.4
87.75 89.28378410380506 6.968005105317742e-09 0.4
87.75 87.85090437313598 6.8883105137643225e-09 0.4
87.75 86.41667830152802 6.809614917502927e-09 0.4
87.75 84.98019986832188 6.732913560369095e-09 0.4
87.75 83.54055022264492 6.664033200425109e-09 0.4
87.75 82.09679226651541 6.602444221145231e-09 0.4
87.75 80.64796494243684 6.547568456759198e-09 0.4
87.75 79.19307712513965 6.498506741753107e-09 0.4
87.75 77.73110100404344 6.453017239040505e-09 0.4
87.75 76.26096482563027 6.410627873453089e-09 0.4
87.75 74.7815448422298 6.373500072926599e-09 0.4
87.75 73.29165628434475 6.341393959143195e-09 0.4
87.75 71.790043135717 6.3097995159621826e-09 0.4
87.75 70.27536644129832 6.246152749649389e-09 0.4
87.75 68.74619081464031 6.187767072438409e-09 0.4
87.75 67.20096872811118 6.126330368945046e-09 0.4
87.75 65.63802206002008 6.049381148593738e-09 0.4
87.75 64.05552022763 5.9778691392284014e-09 0.4
87.75 62.45145404051587 5.9128590687251525e-09 0.4
87.75 60.82360414498552 5.855055651802508e-09 0.4
87.75 59.169502568212096 5.806674280681923e-09 0.4
87.75 57.48638536677864 5.7701474415469755e-09 0.4
87.75 55.771133672187425 5.747984319389383e-09 0.4
87.75 54.020199402525776 5.742630469721708e-09 0.4
87.75 52.22951041136422 5.758231847612773e-09 0.4
87.75 50.39434760613205 5.790420510237805e-09 0.4
87.75 48.50918314434817 5.830738594676377e-09 0.4
87.75 46.56746344221023 5.9068282277097864e-09 0.4
87.75 44.561312043575526 5.960214003945496e-09 0.4
87.75 42.48111287543235 5.8632392695980224e-09 0.4
87.75 40.31490917470875 5.805048286708476e-09 0.4
87.75 38.04750745361985 5.757719643782216e-09 0.4
87.75 35.659087696138755 5.748163116316326e-09 0.4
87.75 33.12294020774379 5.776128035061917e-09 0.4
87.75 30.401547663243015 5.843115585423419e-09 0.4
87.75 27.439240150681094 5.949605068716946e-09 0.4
87.75 24.146847996502373 6.099889622699517e-09 0.4
87.75 20.364134806317807 6.272347334654098e-09 0.4
87.75 15.740548525168737 6.416527179144518e-09 0.4
87.75 9.06872154603269 6.637009856678731e-09 0.4
