-87.75 4.5 8.66637198816632e-09 0.4
-87.75 13.5 8.66536341434583e-09 0.4
-87.75 22.5 8.459806350962393e-09 0.4
-87.75 31.5 8.266885774275547e-09 0.4
-87.75 40.5 8.085819128519845e-09 0.4
-87.75 49.5 7.89087467647456e-09 0.4
-87.75 58.5 7.719293521687396e-09 0.4
-87.75 67.5 7.495631556462387e-09 0.4
-87.75 76.5 7.3866022421982525e-09 0.4
-87.75 85.5 7.449082022536569e-09 0.4
-87.75 94.5 7.649646351801275e-09 0.4
-87.75 103.5 7.896022384947522e-09 0.4
-87.75 112.5 8.117768836224212e-09 0.4
-87.75 121.5 8.24713349949362e-09 0.4
-87.75 130.5 8.256166041726325e-09 0.4
-87.75 139.5 8.203621177512698e-09 0.4
-87.75 148.5 8.170051361699142e-09 0.4
-87.75 157.5 8.233268179069165e-09 0.4
-87.75 166.5 8.436780801413843e-09 0.4
-87.75 175.5 8.409064199985389e-09 0.4
-87.75 184.5 8.490286414052648e-09 0.4
-87.75 193.5 8.418861942240183e-09 0.4
-87.75 202.5 8.152316208233063e-09 0.4
-87.75 211.5 7.792474423686454e-09 0.4
-87.75 220.5 7.413117857322058e-09 0.4
-87.75 229.5 7.176838028233179e-09 0.4
-87.75 238.5 7.0564820656158864e-09 0.4
-87.75 247.5 7.092151939944635e-09 0.4
-87.75 256.5 7.2352305768905554e-09 0.4
-87.75 265.5 7.429353438204895e-09 0.4
-87.75 274.5 7.556140385138642e-09 0.4
-87.75 283.5 7.664359918346163e-09 0.4
-87.75 292.5 7.747757484003261e-09 0.4
-87.75 301.5 7.798553405041526e-09 0.4
-87.75 310.5 7.829676570896285e-09 0.4
-87.75 319.5 7.886722180350342e-09 0.4
-87.75 328.5 8.035709932851632e-09 0.4
-87.75 337.5 8.206200210368618e-09 0.4
-87.75 346.5 8.441151671070762e-09 0.4
-87.75 355.5 8.54845059760833e-09 0.4
-83.25 4.5 8.720400379062973e-09 0.4
-83.25 13.5 8.791433759639891e-09 0.4
-83.25 22.5 8.625153912129138e-09 0.4
-83.25 31.5 8.462844609367959e-09 0.4
-83.25 40.5 8.227527775350957e-09 0.4
-83.25 49.5 8.066247254313318e-09 0.4
-83.25 58.5 7.853540072398137e-09 0.4
-83.25 67.5 7.576694835524063e-09 0.4
-83.25 76.5 7.408175270947778e-09 0.4
-83.25 85.5 7.411053813609604e-09 0.4
-83.25 94.5 7.57043777839128e-09 0.4
-83.25 103.5 7.813682822541297e-09 0.4
-83.25 112.5 8.041973959389247e-09 0.4
-83.25 121.5 8.220584818511982e-09 0.4
-83.25 130.5 8.274909943586898e-09 0.4
-83.25 139.5 8.227747928019225e-09 0.4
-83.25 148.5 8.230595509095264e-09 0.4
-83.25 157.5 8.217075262185049e-09 0.4
-83.25 166.5 8.364880322474903e-09 0.4
-83.25 175.5 8.244192096004272e-09 0.4
-83.25 184.5 8.224595192920379e-09 0.4
-83.25 193.5 8.106816006336417e-09 0.4
-83.25 202.5 7.811788357966011e-09 0.4
-83.25 211.5 7.4369199918236555e-09 0.4
-83.25 220.5 7.0602609605397845e-09 0.4
-83.25 229.5 6.865211002896417e-09 0.4
-83.25 238.5 6.799343296345074e-09 0.4
-83.25 247.5 6.90301502311955e-09 0.4
-83.25 256.5 7.1115776465429645e-09 0.4
-83.25 265.5 7.356758208259002e-09 0.4
-83.25 274.5 7.510225517679558e-09 0.4
-83.25 283.5 7.645428275929204e-09 0.4
-83.25 292.5 7.762594901339185e-09 0.4
-83.25 301.5 7.872682050860145e-09 0.4
-83.25 310.5 7.981576539665022e-09 0.4
-83.25 319.5 8.128129795254462e-09 0.4
-83.25 328.5 8.080074714252788e-09 0.4
-83.25 337.5 8.13714001885213e-09 0.4
-83.25 346.5 8.330077577276625e-09 0.4
-83.25 355.5 8.59323606718403e-09 0.4
-78.75 4.5 8.74822260499634e-09 0.4
-78.75 13.5 8.90682500881309e-09 0.4
-78.75 22.5 8.779833768585045e-09 0.4
-78.75 31.5 8.578836030051074e-09 0.4
-78.75 40.5 8.398710332729788e-09 0.4
-78.75 49.5 8.216102130210848e-09 0.4
-78.75 58.5 7.983016446133557e-09 0.4
-78.75 67.5 7.652689118570116e-09 0.4
-78.75 76.5 7.444973872813137e-09 0.4
-78.75 85.5 7.380828790615389e-09 0.4
-78.75 94.5 7.497766507822232e-09 0.4
-78.75 103.5 7.726066892281496e-09 0.4
-78.75 112.5 7.956614679733666e-09 0.4
-78.75 121.5 8.16320960076526e-09 0.4
-78.75 130.5 8.199968021216998e-09 0.4
-78.75 139.5 8.169334090082165e-09 0.4
-78.75 148.5 8.188768973528345e-09 0.4
-78.75 157.5 8.16850110345134e-09 0.4
-78.75 166.5 8.249567620139167e-09 0.4
-78.75 175.5 8.106986071766953e-09 0.4
-78.75 184.5 7.979323307383315e-09 0.4
-78.75 193.5 7.81482224211255e-09 0.4
-78.75 202.5 7.498793758803031e-09 0.4
-78.75 211.5 7.115712921829118e-09 0.4
-78.75 220.5 6.752143644892621e-09 0.4
-78.75 229.5 6.599562323011662e-09 0.4
-78.75 238.5 6.588183827283803e-09 0.4
-78.75 247.5 6.748894256115519e-09 0.4
-78.75 256.5 7.006652537024723e-09 0.4
-78.75 265.5 7.2922957600591234e-09 0.4
-78.75 274.5 7.446808663293508e-09 0.4
-78.75 283.5 7.627061262998867e-09 0.4
-78.75 292.5 7.788482505039265e-09 0.4
-78.75 301.5 7.965264719799022e-09 0.4
-78.75 310.5 8.17345561837811e-09 0.4
-78.75 319.5 8.169062173223638e-09 0.4
-78.75 328.5 8.055154212854103e-09 0.4
-78.75 337.5 8.085439760938682e-09 0.4
-78.75 346.5 8.219805473775035e-09 0.4
-78.75 355.5 8.496157605578161e-09 0.4
-74.25 4.5 8.680522039853611e-09 0.4
-74.25 13.5 8.939301973994403e-09 0.4
-74.25 22.5 8.93807043735009e-09 0.4
-74.25 31.5 8.73461083705578e-09 0.4
-74.25 40.5 8.581549954193614e-09 0.4
-74.25 49.5 8.352214767916458e-09 0.4
-74.25 58.5 8.144077711237378e-09 0.4
-74.25 67.5 7.741619658811814e-09 0.4
-74.25 76.5 7.482525821807589e-09 0.4
-74.25 85.5 7.36492276190387e-09 0.4
-74.25 94.5 7.4275973458582565e-09 0.4
-74.25 103.5 7.632813787966658e-09 0.4
-74.25 112.5 7.86223589584356e-09 0.4
-74.25 121.5 8.082429304062446e-09 0.4
-74.25 130.5 8.137210359978967e-09 0.4
-74.25 139.5 8.127038334601691e-09 0.4
-74.25 148.5 8.156428076180062e-09 0.4
-74.25 157.5 8.101418137275308e-09 0.4
-74.25 166.5 8.119473136261572e-09 0.4
-74.25 175.5 7.995555011276167e-09 0.4
-74.25 184.5 7.759473906499627e-09 0.4
-74.25 193.5 7.542443421532514e-09 0.4
-74.25 202.5 7.2167141583007575e-09 0.4
-74.25 211.5 6.8260155533630916e-09 0.4
-74.25 220.5 6.4888262425324255e-09 0.4
-74.25 229.5 6.379127466694145e-09 0.4
-74.25 238.5 6.416061136093561e-09 0.4
-74.25 247.5 6.629633990257776e-09 0.4
-74.25 256.5 6.929525176444854e-09 0.4
-74.25 265.5 7.2425264792135455e-09 0.4
-74.25 274.5 7.384215308943749e-09 0.4
-74.25 283.5 7.53570406583009e-09 0.4
-74.25 292.5 7.750946831223708e-09 0.4
-74.25 301.5 8.016603938099895e-09 0.4
-74.25 310.5 8.168531187611102e-09 0.4
-74.25 319.5 8.164120211943836e-09 0.4
-74.25 328.5 8.052763034580176e-09 0.4
-74.25 337.5 8.00877739673824e-09 0.4
-74.25 346.5 8.125714356457366e-09 0.4
-74.25 355.5 8.371993558885565e-09 0.4
-69.75 4.5 8.5659618237336e-09 0.4
-69.75 13.5 8.895239054784546e-09 0.4
-69.75 22.5 9.004708915797007e-09 0.4
-69.75 31.5 8.87758065786935e-09 0.4
-69.75 40.5 8.692287417852791e-09 0.4
-69.75 49.5 8.518025192215971e-09 0.4
-69.75 58.5 8.311992949562571e-09 0.4
-69.75 67.5 7.855799634722324e-09 0.4
-69.75 76.5 7.531555666427204e-09 0.4
-69.75 85.5 7.361556407619823e-09 0.4
-69.75 94.5 7.3653919743514595e-09 0.4
-69.75 103.5 7.528033676738628e-09 0.4
-69.75 112.5 7.763618157527225e-09 0.4
-69.75 121.5 7.993149698758503e-09 0.4
-69.75 130.5 8.091313249149067e-09 0.4
-69.75 139.5 8.091903295161651e-09 0.4
-69.75 148.5 8.129499961516969e-09 0.4
-69.75 157.5 8.055598020755004e-09 0.4
-69.75 166.5 8.019351649800502e-09 0.4
-69.75 175.5 7.908671354564065e-09 0.4
-69.75 184.5 7.572749342995216e-09 0.4
-69.75 193.5 7.287562616267482e-09 0.4
-69.75 202.5 6.965562362837082e-09 0.4
-69.75 211.5 6.566159365805473e-09 0.4
-69.75 220.5 6.2609933224001016e-09 0.4
-69.75 229.5 6.196689647283301e-09 0.4
-69.75 238.5 6.28467703231494e-09 0.4
-69.75 247.5 6.543393380026827e-09 0.4
-69.75 256.5 6.8797189283267454e-09 0.4
-69.75 265.5 7.216936470209626e-09 0.4
-69.75 274.5 7.340383987784243e-09 0.4
-69.75 283.5 7.443328609732756e-09 0.4
-69.75 292.5 7.630149765128235e-09 0.4
-69.75 301.5 7.869280045047048e-09 0.4
-69.75 310.5 8.108384749352223e-09 0.4
-69.75 319.5 8.157385952254674e-09 0.4
-69.75 328.5 8.056420576397999e-09 0.4
-69.75 337.5 7.959194197963815e-09 0.4
-69.75 346.5 8.043139311013084e-09 0.4
-69.75 355.5 8.243761915249046e-09 0.4
-65.25 4.5 8.431776871189848e-09 0.4
-65.25 13.5 8.788873016211995e-09 0.4
-65.25 22.5 9.011367182850887e-09 0.4
-65.25 31.5 9.024419052301962e-09 0.4
-65.25 40.5 8.840145690817654e-09 0.4
-65.25 49.5 8.688156252198485e-09 0.4
-65.25 58.5 8.462764510611312e-09 0.4
-65.25 67.5 8.005327660866044e-09 0.4
-65.25 76.5 7.603302828407593e-09 0.4
-65.25 85.5 7.38107842722801e-09 0.4
-65.25 94.5 7.315122408343315e-09 0.4
-65.25 103.5 7.433227725105745e-09 0.4
-65.25 112.5 7.66044629668917e-09 0.4
-65.25 121.5 7.896586033325553e-09 0.4
-65.25 130.5 7.996742761116361e-09 0.4
-65.25 139.5 8.031798925413494e-09 0.4
-65.25 148.5 8.09902002346813e-09 0.4
-65.25 157.5 8.022877603997905e-09 0.4
-65.25 166.5 7.946115343891068e-09 0.4
-65.25 175.5 7.845806680258709e-09 0.4
-65.25 184.5 7.41418804833323e-09 0.4
-65.25 193.5 7.054678248896177e-09 0.4
-65.25 202.5 6.7289956598341515e-09 0.4
-65.25 211.5 6.338241493036185e-09 0.4
-65.25 220.5 6.0648233114159055e-09 0.4
-65.25 229.5 6.037340526473308e-09 0.4
-65.25 238.5 6.164025694198851e-09 0.4
-65.25 247.5 6.475945595187635e-09 0.4
-65.25 256.5 6.8519601818679136e-09 0.4
-65.25 265.5 7.215190007025187e-09 0.4
-65.25 274.5 7.32327249780939e-09 0.4
-65.25 283.5 7.372256084016652e-09 0.4
-65.25 292.5 7.521349573092621e-09 0.4
-65.25 301.5 7.730336737020968e-09 0.4
-65.25 310.5 7.972823202692221e-09 0.4
-65.25 319.5 8.143583998925358e-09 0.4
-65.25 328.5 8.069520661559143e-09 0.4
-65.25 337.5 7.938508997115004e-09 0.4
-65.25 346.5 7.95237416613259e-09 0.4
-65.25 355.5 8.132254193959728e-09 0.4
-60.75 4.5 8.292453817690806e-09 0.4
-60.75 13.5 8.6625287804136e-09 0.4
-60.75 22.5 8.88161455913878e-09 0.4
-60.75 31.5 9.041114687841016e-09 0.4
-60.75 40.5 8.972573184544908e-09 0.4
-60.75 49.5 8.796329065619314e-09 0.4
-60.75 58.5 8.624095021330613e-09 0.4
-60.75 67.5 8.192465436743711e-09 0.4
-60.75 76.5 7.708314635059605e-09 0.4
-60.75 85.5 7.4145905816854775e-09 0.4
-60.75 94.5 7.285236531884342e-09 0.4
-60.75 103.5 7.343206379912357e-09 0.4
-60.75 112.5 7.548244217854911e-09 0.4
-60.75 121.5 7.79034259879737e-09 0.4
-60.75 130.5 7.878678462591793e-09 0.4
-60.75 139.5 7.972663963338952e-09 0.4
-60.75 148.5 8.073230196859992e-09 0.4
-60.75 157.5 8.000494453374184e-09 0.4
-60.75 166.5 7.893989249433646e-09 0.4
-60.75 175.5 7.804083720577656e-09 0.4
-60.75 184.5 7.2858004317779315e-09 0.4
-60.75 193.5 6.850734029071566e-09 0.4
-60.75 202.5 6.497453684657612e-09 0.4
-60.75 211.5 6.111015899420371e-09 0.4
-60.75 220.5 5.865563312463274e-09 0.4
-60.75 229.5 5.909318420828082e-09 0.4
-60.75 238.5 6.07130100027311e-09 0.4
-60.75 247.5 6.4156701448288135e-09 0.4
-60.75 256.5 6.827803067897807e-09 0.4
-60.75 265.5 7.235755779484735e-09 0.4
-60.75 274.5 7.3022517935872184e-09 0.4
-60.75 283.5 7.317811693966856e-09 0.4
-60.75 292.5 7.427767712182834e-09 0.4
-60.75 301.5 7.601127516469516e-09 0.4
-60.75 310.5 7.829773812176211e-09 0.4
-60.75 319.5 8.047416670001436e-09 0.4
-60.75 328.5 8.091556405572433e-09 0.4
-60.75 337.5 7.939141511104464e-09 0.4
-60.75 346.5 7.885872817411678e-09 0.4
-60.75 355.5 8.026743792794655e-09 0.4
-56.25 4.5 8.169869086786153e-09 0.4
-56.25 13.5 8.516121373210392e-09 0.4
-56.25 22.5 8.700841184025288e-09 0.4
-56.25 31.5 8.674524230748838e-09 0.4
-56.25 40.5 8.666402307863725e-09 0.4
-56.25 49.5 8.8774128834923e-09 0.4
-56.25 58.5 8.780490249952903e-09 0.4
-56.25 67.5 8.398187436697203e-09 0.4
-56.25 76.5 7.834897783839719e-09 0.4
-56.25 85.5 7.471581900300877e-09 0.4
-56.25 94.5 7.282585758097657e-09 0.4
-56.25 103.5 7.268703742543871e-09 0.4
-56.25 112.5 7.434189231459283e-09 0.4
-56.25 121.5 7.673009591749543e-09 0.4
-56.25 130.5 7.760705641477539e-09 0.4
-56.25 139.5 7.893099006305254e-09 0.4
-56.25 148.5 8.05557412146653e-09 0.4
-56.25 157.5 7.983733275021822e-09 0.4
-56.25 166.5 7.85717553453587e-09 0.4
-56.25 175.5 7.781912543103217e-09 0.4
-56.25 184.5 7.1856478500739425e-09 0.4
-56.25 193.5 6.679465316751111e-09 0.4
-56.25 202.5 6.2970081351786475e-09 0.4
-56.25 211.5 5.8984210520692985e-09 0.4
-56.25 220.5 5.67271468174384e-09 0.4
-56.25 229.5 5.789802095812273e-09 0.4
-56.25 238.5 6.0018526733569715e-09 0.4
-56.25 247.5 6.377569118805405e-09 0.4
-56.25 256.5 6.8108929247967e-09 0.4
-56.25 265.5 7.267521342166942e-09 0.4
-56.25 274.5 7.274883629573795e-09 0.4
-56.25 283.5 7.285571074792636e-09 0.4
-56.25 292.5 7.350454387075609e-09 0.4
-56.25 301.5 7.491861903019688e-09 0.4
-56.25 310.5 7.692182893412698e-09 0.4
-56.25 319.5 7.916167133672044e-09 0.4
-56.25 328.5 8.114100921017521e-09 0.4
-56.25 337.5 7.950678543202467e-09 0.4
-56.25 346.5 7.852137727194202e-09 0.4
-56.25 355.5 7.939022196432477e-09 0.4
-51.75 4.5 8.064611852440152e-09 0.4
-51.75 13.5 8.371383290562834e-09 0.4
-51.75 22.5 8.320914673498278e-09 0.4
-51.75 31.5 8.13006105501182e-09 0.4
-51.75 40.5 8.178615813160212e-09 0.4
-51.75 49.5 8.38938293580156e-09 0.4
-51.75 58.5 8.750215930176659e-09 0.4
-51.75 67.5 8.629009736615324e-09 0.4
-51.75 76.5 8.008684861447e-09 0.4
-51.75 85.5 7.554279531632842e-09 0.4
-51.75 94.5 7.302111803362596e-09 0.4
-51.75 103.5 7.215549986961801e-09 0.4
-51.75 112.5 7.320267848935641e-09 0.4
-51.75 121.5 7.5507911632947e-09 0.4
-51.75 130.5 7.649351515763262e-09 0.4
-51.75 139.5 7.811155323380839e-09 0.4
-51.75 148.5 8.024543100380446e-09 0.4
-51.75 157.5 7.968155600465725e-09 0.4
-51.75 166.5 7.832096536209305e-09 0.4
-51.75 175.5 7.740571116297437e-09 0.4
-51.75 184.5 7.113007096778485e-09 0.4
-51.75 193.5 6.539548522788804e-09 0.4
-51.75 202.5 6.114986577587344e-09 0.4
-51.75 211.5 5.7153812775259976e-09 0.4
-51.75 220.5 5.509604924779511e-09 0.4
-51.75 229.5 5.6553364243582015e-09 0.4
-51.75 238.5 5.951892778662369e-09 0.4
-51.75 247.5 6.357177250867144e-09 0.4
-51.75 256.5 6.812463538382872e-09 0.4
-51.75 265.5 7.30014016959269e-09 0.4
-51.75 274.5 7.2602736956396304e-09 0.4
-51.75 283.5 7.227792261418715e-09 0.4
-51.75 292.5 7.290957268377369e-09 0.4
-51.75 301.5 7.397663367207159e-09 0.4
-51.75 310.5 7.56450472871328e-09 0.4
-51.75 319.5 7.787209958067548e-09 0.4
-51.75 328.5 8.008405211955024e-09 0.4
-51.75 337.5 7.975278959093823e-09 0.4
-51.75 346.5 7.847641614110108e-09 0.4
-51.75 355.5 7.871611179120566e-09 0.4
-47.25 4.5 7.979730204084348e-09 0.4
-47.25 13.5 8.23381286619781e-09 0.4
-47.25 22.5 7.903139854004782e-09 0.4
-47.25 31.5 7.634437728247453e-09 0.4
-47.25 40.5 7.63743714413348e-09 0.4
-47.25 49.5 7.896027773736882e-09 0.4
-47.25 58.5 8.326145404491815e-09 0.4
-47.25 67.5 8.8083359667636e-09 0.4
-47.25 76.5 8.221728873678915e-09 0.4
-47.25 85.5 7.65536025499042e-09 0.4
-47.25 94.5 7.34335028953249e-09 0.4
-47.25 103.5 7.182691969437053e-09 0.4
-47.25 112.5 7.217669397483759e-09 0.4
-47.25 121.5 7.426781669747312e-09 0.4
-47.25 130.5 7.549794444422423e-09 0.4
-47.25 139.5 7.733747287011457e-09 0.4
-47.25 148.5 7.978590961986993e-09 0.4
-47.25 157.5 7.950707294565541e-09 0.4
-47.25 166.5 7.813693460418339e-09 0.4
-47.25 175.5 7.701011165577229e-09 0.4
-47.25 184.5 7.0680496695756685e-09 0.4
-47.25 193.5 6.428422199242033e-09 0.4
-47.25 202.5 5.95485125572643e-09 0.4
-47.25 211.5 5.561246799420677e-09 0.4
-47.25 220.5 5.372771200109294e-09 0.4
-47.25 229.5 5.540581559900055e-09 0.4
-47.25 238.5 5.900892017493531e-09 0.4
-47.25 247.5 6.3497348496364265e-09 0.4
-47.25 256.5 6.830070953579698e-09 0.4
-47.25 265.5 7.352974794339624e-09 0.4
-47.25 274.5 7.273945347869202e-09 0.4
-47.25 283.5 7.183684262122303e-09 0.4
-47.25 292.5 7.227207547076256e-09 0.4
-47.25 301.5 7.318665865351401e-09 0.4
-47.25 310.5 7.453160356100917e-09 0.4
-47.25 319.5 7.658375684858894e-09 0.4
-47.25 328.5 7.894456975218944e-09 0.4
-47.25 337.5 8.013737638072992e-09 0.4
-47.25 346.5 7.865245746692637e-09 0.4
-47.25 355.5 7.83666151436754e-09 0.4
-42.75 4.5 7.919095057646722e-09 0.4
-42.75 13.5 8.0688942478847e-09 0.4
-42.75 22.5 7.52601045944234e-09 0.4
-42.75 31.5 7.192167501314235e-09 0.4
-42.75 40.5 7.126992389228638e-09 0.4
-42.75 49.5 7.470204011492385e-09 0.4
-42.75 58.5 7.869924272866517e-09 0.4
-42.75 67.5 8.515743234447774e-09 0.4
-42.75 76.5 8.423036996812778e-09 0.4
-42.75 85.5 7.81033212839335e-09 0.4
-42.75 94.5 7.3943522236770744e-09 0.4
-42.75 103.5 7.1784650866596124e-09 0.4
-42.75 112.5 7.133546156445157e-09 0.4
-42.75 121.5 7.2979469822389655e-09 0.4
-42.75 130.5 7.450089029594692e-09 0.4
-42.75 139.5 7.657235497791578e-09 0.4
-42.75 148.5 7.927933909982709e-09 0.4
-42.75 157.5 7.930219715436768e-09 0.4
-42.75 166.5 7.797735659801906e-09 0.4
-42.75 175.5 7.67429329423371e-09 0.4
-42.75 184.5 7.045744132402671e-09 0.4
-42.75 193.5 6.343283086541222e-09 0.4
-42.75 202.5 5.824727640190906e-09 0.4
-42.75 211.5 5.4321485581762656e-09 0.4
-42.75 220.5 5.258133943943795e-09 0.4
-42.75 229.5 5.443294995123191e-09 0.4
-42.75 238.5 5.825385116548978e-09 0.4
-42.75 247.5 6.352343219349317e-09 0.4
-42.75 256.5 6.861844180162603e-09 0.4
-42.75 265.5 7.425752087862687e-09 0.4
-42.75 274.5 7.322804825398939e-09 0.4
-42.75 283.5 7.151867982374987e-09 0.4
-42.75 292.5 7.1496583608707065e-09 0.4
-42.75 301.5 7.2567610495757035e-09 0.4
-42.75 310.5 7.3580348675534575e-09 0.4
-42.75 319.5 7.537349081716898e-09 0.4
-42.75 328.5 7.785018639725772e-09 0.4
-42.75 337.5 8.055056165677717e-09 0.4
-42.75 346.5 7.898987133573513e-09 0.4
-42.75 355.5 7.830796009984907e-09 0.4
-38.25 4.5 7.881822328776504e-09 0.4
-38.25 13.5 7.902991672091312e-09 0.4
-38.25 22.5 7.189690530019666e-09 0.4
-38.25 31.5 6.799047684691299e-09 0.4
-38.25 40.5 6.676029315874128e-09 0.4
-38.25 49.5 7.03029865003312e-09 0.4
-38.25 58.5 7.449175824188321e-09 0.4
-38.25 67.5 8.17667543478726e-09 0.4
-38.25 76.5 8.574648785991722e-09 0.4
-38.25 85.5 7.999297236520517e-09 0.4
-38.25 94.5 7.473054183632985e-09 0.4
-38.25 103.5 7.190117437711617e-09 0.4
-38.25 112.5 7.0787563062283045e-09 0.4
-38.25 121.5 7.174936301858364e-09 0.4
-38.25 130.5 7.358390769857512e-09 0.4
-38.25 139.5 7.577839276306078e-09 0.4
-38.25 148.5 7.876760984449292e-09 0.4
-38.25 157.5 7.905733756799102e-09 0.4
-38.25 166.5 7.780682799348086e-09 0.4
-38.25 175.5 7.655019172841496e-09 0.4
-38.25 184.5 7.042098361778029e-09 0.4
-38.25 193.5 6.282288843428716e-09 0.4
-38.25 202.5 5.719988519162812e-09 0.4
-38.25 211.5 5.32612064129899e-09 0.4
-38.25 220.5 5.162065283940576e-09 0.4
-38.25 229.5 5.360059698585362e-09 0.4
-38.25 238.5 5.757786304836796e-09 0.4
-38.25 247.5 6.364060241232945e-09 0.4
-38.25 256.5 6.907156509193989e-09 0.4
-38.25 265.5 7.517932128112697e-09 0.4
-38.25 274.5 7.3503432596703666e-09 0.4
-38.25 283.5 7.148085361619406e-09 0.4
-38.25 292.5 7.088537233914574e-09 0.4
-38.25 301.5 7.160065585291437e-09 0.4
-38.25 310.5 7.282601290048867e-09 0.4
-38.25 319.5 7.431972111286534e-09 0.4
-38.25 328.5 7.685008724318751e-09 0.4
-38.25 337.5 7.9948306138282e-09 0.4
-38.25 346.5 7.94544893959683e-09 0.4
-38.25 355.5 7.849901930458249e-09 0.4
-33.75 4.5 7.866621921300338e-09 0.4
-33.75 13.5 7.681847875403257e-09 0.4
-33.75 22.5 6.896418818235846e-09 0.4
-33.75 31.5 6.4511771735335055e-09 0.4
-33.75 40.5 6.281697484073378e-09 0.4
-33.75 49.5 6.604369632696611e-09 0.4
-33.75 58.5 7.099953457921581e-09 0.4
-33.75 67.5 7.884578566729759e-09 0.4
-33.75 76.5 8.620605574434435e-09 0.4
-33.75 85.5 8.158246286002023e-09 0.4
-33.75 94.5 7.605713070660713e-09 0.4
-33.75 103.5 7.180850686983691e-09 0.4
-33.75 112.5 7.052224147929607e-09 0.4
-33.75 121.5 7.075563922205561e-09 0.4
-33.75 130.5 7.276090842263455e-09 0.4
-33.75 139.5 7.498682440652811e-09 0.4
-33.75 148.5 7.823887718347735e-09 0.4
-33.75 157.5 7.876856750952806e-09 0.4
-33.75 166.5 7.761549799329165e-09 0.4
-33.75 175.5 7.638738498164518e-09 0.4
-33.75 184.5 7.055680843456628e-09 0.4
-33.75 193.5 6.242079675425884e-09 0.4
-33.75 202.5 5.638197116486914e-09 0.4
-33.75 211.5 5.238915063678558e-09 0.4
-33.75 220.5 5.081579296256537e-09 0.4
-33.75 229.5 5.288125146404182e-09 0.4
-33.75 238.5 5.698447739860997e-09 0.4
-33.75 247.5 6.381901491939326e-09 0.4
-33.75 256.5 6.965758586114341e-09 0.4
-33.75 265.5 7.570684216493032e-09 0.4
-33.75 274.5 7.372238474418865e-09 0.4
-33.75 283.5 7.176757953946929e-09 0.4
-33.75 292.5 7.047848648034319e-09 0.4
-33.75 301.5 7.07325920125015e-09 0.4
-33.75 310.5 7.212376206195274e-09 0.4
-33.75 319.5 7.343273495476685e-09 0.4
-33.75 328.5 7.596200284743772e-09 0.4
-33.75 337.5 7.935134995905932e-09 0.4
-33.75 346.5 8.002900818533913e-09 0.4
-33.75 355.5 7.8880569976723e-09 0.4
-29.25 4.5 7.871960038005488e-09 0.4
-29.25 13.5 7.494948817527021e-09 0.4
-29.25 22.5 6.645548693982176e-09 0.4
-29.25 31.5 6.153508350536991e-09 0.4
-29.25 40.5 5.937072828496631e-09 0.4
-29.25 49.5 6.236505143504052e-09 0.4
-29.25 58.5 6.816822341324301e-09 0.4
-29.25 67.5 7.558629737138784e-09 0.4
-29.25 76.5 8.397661727583115e-09 0.4
-29.25 85.5 8.314869690898237e-09 0.4
-29.25 94.5 7.773676092420018e-09 0.4
-29.25 103.5 7.224193205555175e-09 0.4
-29.25 112.5 7.020521649569056e-09 0.4
-29.25 121.5 7.004099860550485e-09 0.4
-29.25 130.5 7.176239154226723e-09 0.4
-29.25 139.5 7.420217670757939e-09 0.4
-29.25 148.5 7.768100261913436e-09 0.4
-29.25 157.5 7.844976965427872e-09 0.4
-29.25 166.5 7.739524059634333e-09 0.4
-29.25 175.5 7.622432736499938e-09 0.4
-29.25 184.5 7.0850502128254814e-09 0.4
-29.25 193.5 6.220339737368614e-09 0.4
-29.25 202.5 5.578031258322411e-09 0.4
-29.25 211.5 5.16871843625844e-09 0.4
-29.25 220.5 5.014380384393591e-09 0.4
-29.25 229.5 5.225768399801833e-09 0.4
-29.25 238.5 5.646595112504234e-09 0.4
-29.25 247.5 6.372584634826556e-09 0.4
-29.25 256.5 7.038021495684962e-09 0.4
-29.25 265.5 7.575640175785458e-09 0.4
-29.25 274.5 7.428745725653119e-09 0.4
-29.25 283.5 7.178432875410174e-09 0.4
-29.25 292.5 7.0316359202072335e-09 0.4
-29.25 301.5 7.004591595074753e-09 0.4
-29.25 310.5 7.112731914853149e-09 0.4
-29.25 319.5 7.272552544185851e-09 0.4
-29.25 328.5 7.520977195495625e-09 0.4
-29.25 337.5 7.895928201427097e-09 0.4
-29.25 346.5 8.06856576520068e-09 0.4
-29.25 355.5 7.938711044038732e-09 0.4
-24.75 4.5 7.892684142438632e-09 0.4
-24.75 13.5 7.339787614974959e-09 0.4
-24.75 22.5 6.43500265379914e-09 0.4
-24.75 31.5 5.905067530834293e-09 0.4
-24.75 40.5 5.649148720548049e-09 0.4
-24.75 49.5 5.927071871432799e-09 0.4
-24.75 58.5 6.550422587656943e-09 0.4
-24.75 67.5 7.287665331191483e-09 0.4
-24.75 76.5 8.192864162615732e-09 0.4
-24.75 85.5 8.443457327807026e-09 0.4
-24.75 94.5 7.842438631055796e-09 0.4
-24.75 103.5 7.3202275222154814e-09 0.4
-24.75 112.5 6.983156210401961e-09 0.4
-24.75 121.5 6.959977748707365e-09 0.4
-24.75 130.5 7.073915624724442e-09 0.4
-24.75 139.5 7.343969259256446e-09 0.4
-24.75 148.5 7.709273956848018e-09 0.4
-24.75 157.5 7.812799560729078e-09 0.4
-24.75 166.5 7.714049841218355e-09 0.4
-24.75 175.5 7.60399159557277e-09 0.4
-24.75 184.5 7.1287589491907235e-09 0.4
-24.75 193.5 6.214840597352395e-09 0.4
-24.75 202.5 5.537279853021105e-09 0.4
-24.75 211.5 5.11285792410473e-09 0.4
-24.75 220.5 4.9590253071214234e-09 0.4
-24.75 229.5 5.172241555521464e-09 0.4
-24.75 238.5 5.60219799038071e-09 0.4
-24.75 247.5 6.361463857603465e-09 0.4
-24.75 256.5 7.124945076761415e-09 0.4
-24.75 265.5 7.601749005359747e-09 0.4
-24.75 274.5 7.536308387958602e-09 0.4
-24.75 283.5 7.176864219182173e-09 0.4
-24.75 292.5 7.0377869555589645e-09 0.4
-24.75 301.5 6.9547248919041104e-09 0.4
-24.75 310.5 7.025940555287147e-09 0.4
-24.75 319.5 7.217271303586806e-09 0.4
-24.75 328.5 7.460467324654104e-09 0.4
-24.75 337.5 7.877497460330668e-09 0.4
-24.75 346.5 8.1373594924991e-09 0.4
-24.75 355.5 7.994638076258322e-09 0.4
-20.25 4.5 7.926740557821796e-09 0.4
-20.25 13.5 7.213258582432597e-09 0.4
-20.25 22.5 6.261642832425837e-09 0.4
-20.25 31.5 5.702689860127726e-09 0.4
-20.25 40.5 5.4155176462745196e-09 0.4
-20.25 49.5 5.669279900890018e-09 0.4
-20.25 58.5 6.262006512732797e-09 0.4
-20.25 67.5 7.070691434172348e-09 0.4
-20.25 76.5 8.019201146311042e-09 0.4
-20.25 85.5 8.592170886367011e-09 0.4
-20.25 94.5 7.958660223876237e-09 0.4
-20.25 103.5 7.3838263597653694e-09 0.4
-20.25 112.5 6.987455922817981e-09 0.4
-20.25 121.5 6.910563999840692e-09 0.4
-20.25 130.5 6.998836411625776e-09 0.4
-20.25 139.5 7.267688015458983e-09 0.4
-20.25 148.5 7.647914875454566e-09 0.4
-20.25 157.5 7.780070392183506e-09 0.4
-20.25 166.5 7.68599099118073e-09 0.4
-20.25 175.5 7.583130405329926e-09 0.4
-20.25 184.5 7.1815471306489705e-09 0.4
-20.25 193.5 6.222992109976567e-09 0.4
-20.25 202.5 5.513922276405823e-09 0.4
-20.25 211.5 5.0687690702517204e-09 0.4
-20.25 220.5 4.914934873415249e-09 0.4
-20.25 229.5 5.127793837991297e-09 0.4
-20.25 238.5 5.566266788232966e-09 0.4
-20.25 247.5 6.3597206969817534e-09 0.4
-20.25 256.5 7.228015473784128e-09 0.4
-20.25 265.5 7.653297894419864e-09 0.4
-20.25 274.5 7.630019592195752e-09 0.4
-20.25 283.5 7.207468727061644e-09 0.4
-20.25 292.5 7.040843667509858e-09 0.4
-20.25 301.5 6.9216336917369195e-09 0.4
-20.25 310.5 6.95585940121951e-09 0.4
-20.25 319.5 7.174930324827456e-09 0.4
-20.25 328.5 7.415372952239936e-09 0.4
-20.25 337.5 7.877024687639425e-09 0.4
-20.25 346.5 8.185594883699365e-09 0.4
-20.25 355.5 8.05114350323743e-09 0.4
-15.75 4.5 7.970081895952284e-09 0.4
-15.75 13.5 7.112100286200901e-09 0.4
-15.75 22.5 6.121750979551553e-09 0.4
-15.75 31.5 5.542260257380338e-09 0.4
-15.75 40.5 5.2307693102168435e-09 0.4
-15.75 49.5 5.466610365992956e-09 0.4
-15.75 58.5 6.029411260760749e-09 0.4
-15.75 67.5 6.906023016643326e-09 0.4
-15.75 76.5 7.881708128815035e-09 0.4
-15.75 85.5 8.563713176175583e-09 0.4
-15.75 94.5 8.056772783327777e-09 0.4
-15.75 103.5 7.405991123995585e-09 0.4
-15.75 112.5 7.05076491680616e-09 0.4
-15.75 121.5 6.853617381524473e-09 0.4
-15.75 130.5 6.9557762434282595e-09 0.4
-15.75 139.5 7.189758071534185e-09 0.4
-15.75 148.5 7.584959450819585e-09 0.4
-15.75 157.5 7.748932488082404e-09 0.4
-15.75 166.5 7.657151385977734e-09 0.4
-15.75 175.5 7.559298602325313e-09 0.4
-15.75 184.5 7.222632781318393e-09 0.4
-15.75 193.5 6.244361840055761e-09 0.4
-15.75 202.5 5.505393400961019e-09 0.4
-15.75 211.5 5.03483326847039e-09 0.4
-15.75 220.5 4.880577922429885e-09 0.4
-15.75 229.5 5.0937305062281515e-09 0.4
-15.75 238.5 5.540691294558484e-09 0.4
-15.75 247.5 6.370100236647822e-09 0.4
-15.75 256.5 7.3117374090945185e-09 0.4
-15.75 265.5 7.733068946322e-09 0.4
-15.75 274.5 7.767883048150661e-09 0.4
-15.75 283.5 7.276648537793379e-09 0.4
-15.75 292.5 7.020065698517414e-09 0.4
-15.75 301.5 6.906046935870104e-09 0.4
-15.75 310.5 6.901272931979963e-09 0.4
-15.75 319.5 7.142021896788257e-09 0.4
-15.75 328.5 7.386310223798967e-09 0.4
-15.75 337.5 7.89109668635983e-09 0.4
-15.75 346.5 8.21957050534179e-09 0.4
-15.75 355.5 8.100671534351663e-09 0.4
-11.25 4.5 8.020525464020837e-09 0.4
-11.25 13.5 7.032929687648862e-09 0.4
-11.25 22.5 6.010050268158025e-09 0.4
-11.25 31.5 5.4192680603591756e-09 0.4
-11.25 40.5 5.090535495923078e-09 0.4
-11.25 49.5 5.3134111911034985e-09 0.4
-11.25 58.5 5.844406132919749e-09 0.4
-11.25 67.5 6.792820459289513e-09 0.4
-11.25 76.5 7.698410951453662e-09 0.4
-11.25 85.5 8.438433941528902e-09 0.4
-11.25 94.5 8.199275117775234e-09 0.4
-11.25 103.5 7.487515906260692e-09 0.4
-11.25 112.5 7.086405201384025e-09 0.4
-11.25 121.5 6.830631672565005e-09 0.4
-11.25 130.5 6.930572680327091e-09 0.4
-11.25 139.5 7.129455190024953e-09 0.4
-11.25 148.5 7.523948270020913e-09 0.4
-11.25 157.5 7.711557827496848e-09 0.4
-11.25 166.5 7.628852748881429e-09 0.4
-11.25 175.5 7.533147978560062e-09 0.4
-11.25 184.5 7.26164240361013e-09 0.4
-11.25 193.5 6.2776298057593926e-09 0.4
-11.25 202.5 5.509577231673593e-09 0.4
-11.25 211.5 5.010982519416542e-09 0.4
-11.25 220.5 4.858484116796659e-09 0.4
-11.25 229.5 5.071684962988599e-09 0.4
-11.25 238.5 5.526788376017268e-09 0.4
-11.25 247.5 6.396087056973127e-09 0.4
-11.25 256.5 7.3378733134392045e-09 0.4
-11.25 265.5 7.84348227062529e-09 0.4
-11.25 274.5 7.861859583360004e-09 0.4
-11.25 283.5 7.363959545308999e-09 0.4
-11.25 292.5 7.020976252894567e-09 0.4
-11.25 301.5 6.9071875489001174e-09 0.4
-11.25 310.5 6.860693000684696e-09 0.4
-11.25 319.5 7.11532898580143e-09 0.4
-11.25 328.5 7.373724242667465e-09 0.4
-11.25 337.5 7.916383614302377e-09 0.4
-11.25 346.5 8.20317032376819e-09 0.4
-11.25 355.5 8.134312294692366e-09 0.4
-6.75 4.5 8.074381143051026e-09 0.4
-6.75 13.5 6.972453952807641e-09 0.4
-6.75 22.5 5.923819390858961e-09 0.4
-6.75 31.5 5.329064389276386e-09 0.4
-6.75 40.5 4.989208651338634e-09 0.4
-6.75 49.5 5.20411321071889e-09 0.4
-6.75 58.5 5.7064083930165015e-09 0.4
-6.75 67.5 6.7276378662648634e-09 0.4
-6.75 76.5 7.556666648539617e-09 0.4
-6.75 85.5 8.32609751913437e-09 0.4
-6.75 94.5 8.214291163338048e-09 0.4
-6.75 103.5 7.527195694423077e-09 0.4
-6.75 112.5 7.075262840886259e-09 0.4
-6.75 121.5 6.845790279161701e-09 0.4
-6.75 130.5 6.871847047420167e-09 0.4
-6.75 139.5 7.091654703267022e-09 0.4
-6.75 148.5 7.468798692233435e-09 0.4
-6.75 157.5 7.684448671449132e-09 0.4
-6.75 166.5 7.598483591837296e-09 0.4
-6.75 175.5 7.506488610156765e-09 0.4
-6.75 184.5 7.291151773185793e-09 0.4
-6.75 193.5 6.3225255991266825e-09 0.4
-6.75 202.5 5.525903645281525e-09 0.4
-6.75 211.5 4.9992309925745335e-09 0.4
-6.75 220.5 4.8471359451573206e-09 0.4
-6.75 229.5 5.0642355604826015e-09 0.4
-6.75 238.5 5.5284126904055205e-09 0.4
-6.75 247.5 6.441202696006585e-09 0.4
-6.75 256.5 7.364849384979394e-09 0.4
-6.75 265.5 7.98524528742778e-09 0.4
-6.75 274.5 7.928415592485286e-09 0.4
-6.75 283.5 7.43301698672831e-09 0.4
-6.75 292.5 7.046283002740846e-09 0.4
-6.75 301.5 6.923793970909471e-09 0.4
-6.75 310.5 6.835685905382375e-09 0.4
-6.75 319.5 7.094914289717843e-09 0.4
-6.75 328.5 7.376385600082848e-09 0.4
-6.75 337.5 7.911023078393607e-09 0.4
-6.75 346.5 8.125790252670446e-09 0.4
-6.75 355.5 8.154483978709582e-09 0.4
-2.25 4.5 8.09813312246109e-09 0.4
-2.25 13.5 6.927595164425545e-09 0.4
-2.25 22.5 5.860324682726084e-09 0.4
-2.25 31.5 5.267092812453658e-09 0.4
-2.25 40.5 4.920784904506694e-09 0.4
-2.25 49.5 5.131445923818021e-09 0.4
-2.25 58.5 5.610678055320461e-09 0.4
-2.25 67.5 6.6125615961164105e-09 0.4
-2.25 76.5 7.454877029290836e-09 0.4
-2.25 85.5 8.188868415881104e-09 0.4
-2.25 94.5 8.253479889469664e-09 0.4
-2.25 103.5 7.60813324067986e-09 0.4
-2.25 112.5 7.104494992836054e-09 0.4
-2.25 121.5 6.89842156562899e-09 0.4
-2.25 130.5 6.837319779036553e-09 0.4
-2.25 139.5 7.078435438956974e-09 0.4
-2.25 148.5 7.423728964378428e-09 0.4
-2.25 157.5 7.672432064576451e-09 0.4
-2.25 166.5 7.56259011851735e-09 0.4
-2.25 175.5 7.481771971654984e-09 0.4
-2.25 184.5 7.320778469216953e-09 0.4
-2.25 193.5 6.378575159156075e-09 0.4
-2.25 202.5 5.55376194340746e-09 0.4
-2.25 211.5 5.000108064679477e-09 0.4
-2.25 220.5 4.847433883546947e-09 0.4
-2.25 229.5 5.061317979349399e-09 0.4
-2.25 238.5 5.550256834537427e-09 0.4
-2.25 247.5 6.510726879875349e-09 0.4
-2.25 256.5 7.395182065052865e-09 0.4
-2.25 265.5 7.925386376753699e-09 0.4
-2.25 274.5 8.034781962069691e-09 0.4
-2.25 283.5 7.526915723946677e-09 0.4
-2.25 292.5 7.066836149042354e-09 0.4
-2.25 301.5 6.941639188665207e-09 0.4
-2.25 310.5 6.830143211785273e-09 0.4
-2.25 319.5 7.083918719253227e-09 0.4
-2.25 328.5 7.393106154234757e-09 0.4
-2.25 337.5 7.797052606279408e-09 0.4
-2.25 346.5 8.019201050996484e-09 0.4
-2.25 355.5 8.151972236137465e-09 0.4
2.25 4.5 8.100643852515477e-09 0.4
2.25 13.5 6.895579354853442e-09 0.4
2.25 22.5 5.81596409255499e-09 0.4
2.25 31.5 5.2269028683945545e-09 0.4
2.25 40.5 4.879768934403023e-09 0.4
2.25 49.5 5.087356231311067e-09 0.4
2.25 58.5 5.549688074255603e-09 0.4
2.25 67.5 6.4806398786195695e-09 0.4
2.25 76.5 7.363517074605738e-09 0.4
2.25 85.5 8.060032702092571e-09 0.4
2.25 94.5 8.276151027606368e-09 0.4
2.25 103.5 7.731118734564618e-09 0.4
2.25 112.5 7.1662963304992944e-09 0.4
2.25 121.5 6.976235752401e-09 0.4
2.25 130.5 6.830778140844643e-09 0.4
2.25 139.5 7.083235626682627e-09 0.4
2.25 148.5 7.393585371833668e-09 0.4
2.25 157.5 7.679295813361687e-09 0.4
2.25 166.5 7.538482371697257e-09 0.4
2.25 175.5 7.45185113758189e-09 0.4
2.25 184.5 7.336205069261665e-09 0.4
2.25 193.5 6.448617311124085e-09 0.4
2.25 202.5 5.5936654326175335e-09 0.4
2.25 211.5 5.013972644642608e-09 0.4
2.25 220.5 4.860717617224209e-09 0.4
2.25 229.5 5.057605371526381e-09 0.4
2.25 238.5 5.58271723311529e-09 0.4
2.25 247.5 6.5916594573810635e-09 0.4
2.25 256.5 7.343931522820159e-09 0.4
2.25 265.5 7.849478077702736e-09 0.4
2.25 274.5 8.11817328926455e-09 0.4
2.25 283.5 7.585699767501205e-09 0.4
2.25 292.5 7.0717125291634665e-09 0.4
2.25 301.5 6.899150075191715e-09 0.4
2.25 310.5 6.840050662323104e-09 0.4
2.25 319.5 7.091558980096848e-09 0.4
2.25 328.5 7.425154922179228e-09 0.4
2.25 337.5 7.696104893122847e-09 0.4
2.25 346.5 7.91117002658716e-09 0.4
2.25 355.5 8.111900261652583e-09 0.4
6.75 4.5 8.086522243232806e-09 0.4
6.75 13.5 6.8739480005985686e-09 0.4
6.75 22.5 5.788025604307498e-09 0.4
6.75 31.5 5.205097080435515e-09 0.4
6.75 40.5 4.861992603159684e-09 0.4
6.75 49.5 5.067650381859848e-09 0.4
6.75 58.5 5.496877760706113e-09 0.4
6.75 67.5 6.314549550922366e-09 0.4
6.75 76.5 7.2310355150016526e-09 0.4
6.75 85.5 7.82953626316323e-09 0.4
6.75 94.5 8.181543634097383e-09 0.4
6.75 103.5 7.84051240005623e-09 0.4
6.75 112.5 7.270223038340875e-09 0.4
6.75 121.5 7.0261601295240655e-09 0.4
6.75 130.5 6.847430235342945e-09 0.4
6.75 139.5 7.105156026798299e-09 0.4
6.75 148.5 7.38264537562739e-09 0.4
6.75 157.5 7.708851606980652e-09 0.4
6.75 166.5 7.530077579579487e-09 0.4
6.75 175.5 7.417324180578677e-09 0.4
6.75 184.5 7.334135967231647e-09 0.4
6.75 193.5 6.53431409265664e-09 0.4
6.75 202.5 5.648750709178374e-09 0.4
6.75 211.5 5.042412424526291e-09 0.4
6.75 220.5 4.886636324910656e-09 0.4
6.75 229.5 5.05752048713201e-09 0.4
6.75 238.5 5.592648819515733e-09 0.4
6.75 247.5 6.564312726546158e-09 0.4
6.75 256.5 7.247217566291395e-09 0.4
6.75 265.5 7.714500319662208e-09 0.4
6.75 274.5 8.046241834898096e-09 0.4
6.75 283.5 7.527066525299155e-09 0.4
6.75 292.5 7.068608463789472e-09 0.4
6.75 301.5 6.863300977843763e-09 0.4
6.75 310.5 6.876963639050157e-09 0.4
6.75 319.5 7.117652830871123e-09 0.4
6.75 328.5 7.439664719971536e-09 0.4
6.75 337.5 7.60481681367236e-09 0.4
6.75 346.5 7.81032361787501e-09 0.4
6.75 355.5 8.020100852927718e-09 0.4
11.25 4.5 8.073778121109602e-09 0.4
11.25 13.5 6.8611275588643564e-09 0.4
11.25 22.5 5.774503892851053e-09 0.4
11.25 31.5 5.200314765548105e-09 0.4
11.25 40.5 4.863619489044439e-09 0.4
11.25 49.5 5.068040227350981e-09 0.4
11.25 58.5 5.435107854411464e-09 0.4
11.25 67.5 6.1486767314485835e-09 0.4
11.25 76.5 7.045364435299566e-09 0.4
11.25 85.5 7.610242413612838e-09 0.4
11.25 94.5 8.120895071834293e-09 0.4
11.25 103.5 7.867579939056264e-09 0.4
11.25 112.5 7.391737779768312e-09 0.4
11.25 121.5 7.047518946426823e-09 0.4
11.25 130.5 6.906155913439641e-09 0.4
11.25 139.5 7.133565383684444e-09 0.4
11.25 148.5 7.3958700858938976e-09 0.4
11.25 157.5 7.764673255826169e-09 0.4
11.25 166.5 7.541365695173651e-09 0.4
11.25 175.5 7.395323319406609e-09 0.4
11.25 184.5 7.312301769308392e-09 0.4
11.25 193.5 6.637318633199282e-09 0.4
11.25 202.5 5.721270884668144e-09 0.4
11.25 211.5 5.085987045871173e-09 0.4
11.25 220.5 4.926718009245719e-09 0.4
11.25 229.5 5.061991526914853e-09 0.4
11.25 238.5 5.582393825480182e-09 0.4
11.25 247.5 6.4689440753795624e-09 0.4
11.25 256.5 7.1753967590260266e-09 0.4
11.25 265.5 7.537927399371996e-09 0.4
11.25 274.5 7.9821999326631e-09 0.4
11.25 283.5 7.493464732293104e-09 0.4
11.25 292.5 7.080778717148667e-09 0.4
11.25 301.5 6.861776074303554e-09 0.4
11.25 310.5 6.9387420517533175e-09 0.4
11.25 319.5 7.158170333743135e-09 0.4
11.25 328.5 7.402114012545682e-09 0.4
11.25 337.5 7.532004775035276e-09 0.4
11.25 346.5 7.722386277900828e-09 0.4
11.25 355.5 7.92765267877513e-09 0.4
15.75 4.5 8.048253065708553e-09 0.4
15.75 13.5 6.8560165125573675e-09 0.4
15.75 22.5 5.773099158513879e-09 0.4
15.75 31.5 5.210230791571546e-09 0.4
15.75 40.5 4.8813924589991214e-09 0.4
15.75 49.5 5.076648147478143e-09 0.4
15.75 58.5 5.382123125845876e-09 0.4
15.75 67.5 6.002298305815137e-09 0.4
15.75 76.5 6.790026628529673e-09 0.4
15.75 85.5 7.451555546542489e-09 0.4
15.75 94.5 7.950109297819956e-09 0.4
15.75 103.5 7.937764306819852e-09 0.4
15.75 112.5 7.507590840007529e-09 0.4
15.75 121.5 7.1214991017217285e-09 0.4
15.75 130.5 7.0135674665081306e-09 0.4
15.75 139.5 7.164701647491328e-09 0.4
15.75 148.5 7.439664560858069e-09 0.4
15.75 157.5 7.850210563281332e-09 0.4
15.75 166.5 7.576443808639832e-09 0.4
15.75 175.5 7.389651184035264e-09 0.4
15.75 184.5 7.2794216132164575e-09 0.4
15.75 193.5 6.760305108677745e-09 0.4
15.75 202.5 5.813387304076214e-09 0.4
15.75 211.5 5.1511266655763204e-09 0.4
15.75 220.5 4.9640630019003234e-09 0.4
15.75 229.5 5.0723218426876596e-09 0.4
15.75 238.5 5.559916976199792e-09 0.4
15.75 247.5 6.359110434675372e-09 0.4
15.75 256.5 7.04448059416108e-09 0.4
15.75 265.5 7.410122817491296e-09 0.4
15.75 274.5 7.873599689552467e-09 0.4
15.75 283.5 7.494125118246727e-09 0.4
15.75 292.5 7.123039849245388e-09 0.4
15.75 301.5 6.8851699785133646e-09 0.4
15.75 310.5 6.949807166763574e-09 0.4
15.75 319.5 7.1404375146425074e-09 0.4
15.75 328.5 7.384239543394325e-09 0.4
15.75 337.5 7.482139900862993e-09 0.4
15.75 346.5 7.651772523906648e-09 0.4
15.75 355.5 7.841785728022283e-09 0.4
20.25 4.5 7.969188941574385e-09 0.4
20.25 13.5 6.858137951263031e-09 0.4
20.25 22.5 5.783376103212985e-09 0.4
20.25 31.5 5.233301410708822e-09 0.4
20.25 40.5 4.91040010999574e-09 0.4
20.25 49.5 5.091180859064665e-09 0.4
20.25 58.5 5.343619927328903e-09 0.4
20.25 67.5 5.875161213971697e-09 0.4
20.25 76.5 6.5743988462777696e-09 0.4
20.25 85.5 7.322882043413764e-09 0.4
20.25 94.5 7.730536511458161e-09 0.4
20.25 103.5 8.04921854592106e-09 0.4
20.25 112.5 7.673620446202345e-09 0.4
20.25 121.5 7.254342483973811e-09 0.4
20.25 130.5 7.175500943178716e-09 0.4
20.25 139.5 7.239908447967128e-09 0.4
20.25 148.5 7.521586628460904e-09 0.4
20.25 157.5 7.96303187950004e-09 0.4
20.25 166.5 7.639382626830127e-09 0.4
20.25 175.5 7.404348616656402e-09 0.4
20.25 184.5 7.257769283638191e-09 0.4
20.25 193.5 6.906790325165062e-09 0.4
20.25 202.5 5.928643933711688e-09 0.4
20.25 211.5 5.240317828462982e-09 0.4
20.25 220.5 5.015858860521922e-09 0.4
20.25 229.5 5.0912975937794476e-09 0.4
20.25 238.5 5.534672280261428e-09 0.4
20.25 247.5 6.251378831998324e-09 0.4
20.25 256.5 6.893613243139524e-09 0.4
20.25 265.5 7.320148303475649e-09 0.4
20.25 274.5 7.699302545582478e-09 0.4
20.25 283.5 7.47890615112679e-09 0.4
20.25 292.5 7.148774123967201e-09 0.4
20.25 301.5 6.932788453164261e-09 0.4
20.25 310.5 6.9637195106547566e-09 0.4
20.25 319.5 7.109000382710261e-09 0.4
20.25 328.5 7.3506347917724085e-09 0.4
20.25 337.5 7.452713506570263e-09 0.4
20.25 346.5 7.5970332787967e-09 0.4
20.25 355.5 7.769139294064527e-09 0.4
24.75 4.5 7.899007335559195e-09 0.4
24.75 13.5 6.867235629256264e-09 0.4
24.75 22.5 5.805735270014066e-09 0.4
24.75 31.5 5.268671638784051e-09 0.4
24.75 40.5 4.946116770190343e-09 0.4
24.75 49.5 5.089537722123492e-09 0.4
24.75 58.5 5.31923607574436e-09 0.4
24.75 67.5 5.769169163879418e-09 0.4
24.75 76.5 6.395132606383571e-09 0.4
24.75 85.5 7.098192355347377e-09 0.4
24.75 94.5 7.563089053881192e-09 0.4
24.75 103.5 7.9160710983647e-09 0.4
24.75 112.5 7.885746111975076e-09 0.4
24.75 121.5 7.431948722836884e-09 0.4
24.75 130.5 7.383426647213921e-09 0.4
24.75 139.5 7.366015845298544e-09 0.4
24.75 148.5 7.647638705672671e-09 0.4
24.75 157.5 8.084453535147082e-09 0.4
24.75 166.5 7.733830638045592e-09 0.4
24.75 175.5 7.444067074376099e-09 0.4
24.75 184.5 7.253246367323965e-09 0.4
24.75 193.5 7.075379496334409e-09 0.4
24.75 202.5 6.07114640900057e-09 0.4
24.75 211.5 5.356433646255649e-09 0.4
24.75 220.5 5.088972299936974e-09 0.4
24.75 229.5 5.1207483614048305e-09 0.4
24.75 238.5 5.5125043737677225e-09 0.4
24.75 247.5 6.149732974569304e-09 0.4
24.75 256.5 6.758337829545797e-09 0.4
24.75 265.5 7.251768381945899e-09 0.4
24.75 274.5 7.553841287414483e-09 0.4
24.75 283.5 7.507275971584894e-09 0.4
24.75 292.5 7.146338818956739e-09 0.4
24.75 301.5 6.980485718274345e-09 0.4
24.75 310.5 6.981203267730773e-09 0.4
24.75 319.5 7.09679969409759e-09 0.4
24.75 328.5 7.329830079061973e-09 0.4
24.75 337.5 7.44085707541936e-09 0.4
24.75 346.5 7.562736815601265e-09 0.4
24.75 355.5 7.715929525705165e-09 0.4
29.25 4.5 7.840771089802612e-09 0.4
29.25 13.5 6.8840805589350386e-09 0.4
29.25 22.5 5.840695358848701e-09 0.4
29.25 31.5 5.316513572637772e-09 0.4
29.25 40.5 4.993613038882341e-09 0.4
29.25 49.5 5.100211113973313e-09 0.4
29.25 58.5 5.303119580893167e-09 0.4
29.25 67.5 5.683960811444079e-09 0.4
29.25 76.5 6.248120615783543e-09 0.4
29.25 85.5 6.901640593593955e-09 0.4
29.25 94.5 7.429494798200311e-09 0.4
29.25 103.5 7.722667644985371e-09 0.4
29.25 112.5 7.991505918970356e-09 0.4
29.25 121.5 7.67096788730376e-09 0.4
29.25 130.5 7.536574147419449e-09 0.4
29.25 139.5 7.551177029061751e-09 0.4
29.25 148.5 7.818071981403722e-09 0.4
29.25 157.5 8.207296100635045e-09 0.4
29.25 166.5 7.850710665318458e-09 0.4
29.25 175.5 7.513128392607214e-09 0.4
29.25 184.5 7.2703937513560176e-09 0.4
29.25 193.5 7.129360479509383e-09 0.4
29.25 202.5 6.239699545118774e-09 0.4
29.25 211.5 5.500270324808131e-09 0.4
29.25 220.5 5.183204739759448e-09 0.4
29.25 229.5 5.1633969393800345e-09 0.4
29.25 238.5 5.495523151913233e-09 0.4
29.25 247.5 6.0537922192906095e-09 0.4
29.25 256.5 6.633425870466117e-09 0.4
29.25 265.5 7.099222194385036e-09 0.4
29.25 274.5 7.449662297145215e-09 0.4
29.25 283.5 7.57424823007767e-09 0.4
29.25 292.5 7.164902600121389e-09 0.4
29.25 301.5 7.038111001338518e-09 0.4
29.25 310.5 7.011695021976826e-09 0.4
29.25 319.5 7.096586973303696e-09 0.4
29.25 328.5 7.31740186078329e-09 0.4
29.25 337.5 7.448593373135461e-09 0.4
29.25 346.5 7.553757324240908e-09 0.4
29.25 355.5 7.68856705109097e-09 0.4
33.75 4.5 7.80131028809003e-09 0.4
33.75 13.5 6.910426121417125e-09 0.4
33.75 22.5 5.889594105776582e-09 0.4
33.75 31.5 5.377757224085153e-09 0.4
33.75 40.5 5.053085128397172e-09 0.4
33.75 49.5 5.124535492405429e-09 0.4
33.75 58.5 5.297684341675003e-09 0.4
33.75 67.5 5.6195925134987836e-09 0.4
33.75 76.5 6.125822988261974e-09 0.4
33.75 85.5 6.7178985288551915e-09 0.4
33.75 94.5 7.224504408504834e-09 0.4
33.75 103.5 7.555739854428082e-09 0.4
33.75 112.5 7.900460724466718e-09 0.4
33.75 121.5 7.909555384587488e-09 0.4
33.75 130.5 7.729938184905207e-09 0.4
33.75 139.5 7.801327240378592e-09 0.4
33.75 148.5 8.005154042607674e-09 0.4
33.75 157.5 8.36145901604946e-09 0.4
33.75 166.5 7.981606311722309e-09 0.4
33.75 175.5 7.61553520316209e-09 0.4
33.75 184.5 7.313889044573543e-09 0.4
33.75 193.5 7.1259724473252676e-09 0.4
33.75 202.5 6.427008205727046e-09 0.4
33.75 211.5 5.672742492069872e-09 0.4
33.75 220.5 5.299617018898517e-09 0.4
33.75 229.5 5.219680105617733e-09 0.4
33.75 238.5 5.485965711694666e-09 0.4
33.75 247.5 5.9692089921168745e-09 0.4
33.75 256.5 6.511774815662197e-09 0.4
33.75 265.5 6.969644347975775e-09 0.4
33.75 274.5 7.376590990870093e-09 0.4
33.75 283.5 7.667764307926034e-09 0.4
33.75 292.5 7.215140775679751e-09 0.4
33.75 301.5 7.109559056486268e-09 0.4
33.75 310.5 7.058107873106357e-09 0.4
33.75 319.5 7.111815483085017e-09 0.4
33.75 328.5 7.3089741233367515e-09 0.4
33.75 337.5 7.472056128353044e-09 0.4
33.75 346.5 7.570189805911446e-09 0.4
33.75 355.5 7.682620780195926e-09 0.4
38.25 4.5 7.78965770857205e-09 0.4
38.25 13.5 6.9486812595025856e-09 0.4
38.25 22.5 5.954347071577081e-09 0.4
38.25 31.5 5.453917640412353e-09 0.4
38.25 40.5 5.1266882216231035e-09 0.4
38.25 49.5 5.1575597882927234e-09 0.4
38.25 58.5 5.305101987613039e-09 0.4
38.25 67.5 5.576343314116138e-09 0.4
38.25 76.5 6.02427170751787e-09 0.4
38.25 85.5 6.563396302850355e-09 0.4
38.25 94.5 7.0635588910088425e-09 0.4
38.25 103.5 7.41132548724778e-09 0.4
38.25 112.5 7.729979478678664e-09 0.4
38.25 121.5 8.123504203649482e-09 0.4
38.25 130.5 7.996016738793508e-09 0.4
38.25 139.5 8.106925055597766e-09 0.4
38.25 148.5 8.237543643955371e-09 0.4
38.25 157.5 8.565180411468618e-09 0.4
38.25 166.5 8.146792281272092e-09 0.4
38.25 175.5 7.736818025103625e-09 0.4
38.25 184.5 7.388371816901236e-09 0.4
38.25 193.5 7.143444517058075e-09 0.4
38.25 202.5 6.611650377799215e-09 0.4
38.25 211.5 5.863296360796041e-09 0.4
38.25 220.5 5.436608987002412e-09 0.4
38.25 229.5 5.288112571926918e-09 0.4
38.25 238.5 5.482205388763152e-09 0.4
38.25 247.5 5.895300980901671e-09 0.4
38.25 256.5 6.396307539453646e-09 0.4
38.25 265.5 6.849871554839219e-09 0.4
38.25 274.5 7.2524661800958705e-09 0.4
38.25 283.5 7.555292678407273e-09 0.4
38.25 292.5 7.296199873306937e-09 0.4
38.25 301.5 7.198856983362952e-09 0.4
38.25 310.5 7.12377699224065e-09 0.4
38.25 319.5 7.150517495672034e-09 0.4
38.25 328.5 7.314868626902942e-09 0.4
38.25 337.5 7.506081626883182e-09 0.4
38.25 346.5 7.611215375902864e-09 0.4
38.25 355.5 7.70767214295641e-09 0.4
42.75 4.5 7.807555214756571e-09 0.4
42.75 13.5 7.001279386982314e-09 0.4
42.75 22.5 6.037387743220367e-09 0.4
42.75 31.5 5.547337613004744e-09 0.4
42.75 40.5 5.214861709865781e-09 0.4
42.75 49.5 5.204940293784631e-09 0.4
42.75 58.5 5.324954637806599e-09 0.4
42.75 67.5 5.548999356175571e-09 0.4
42.75 76.5 5.941185444265847e-09 0.4
42.75 85.5 6.439332474114366e-09 0.4
42.75 94.5 6.944156767455522e-09 0.4
42.75 103.5 7.231226780855356e-09 0.4
42.75 112.5 7.578035547762765e-09 0.4
42.75 121.5 7.940795512579279e-09 0.4
42.75 130.5 8.321127720555436e-09 0.4
42.75 139.5 8.398366032187217e-09 0.4
42.75 148.5 8.523941385440511e-09 0.4
42.75 157.5 8.761612681950527e-09 0.4
42.75 166.5 8.34596222725278e-09 0.4
42.75 175.5 7.876829957935355e-09 0.4
42.75 184.5 7.497922082580187e-09 0.4
42.75 193.5 7.188657541688093e-09 0.4
42.75 202.5 6.810353555234511e-09 0.4
42.75 211.5 6.064125429275913e-09 0.4
42.75 220.5 5.5879875962070554e-09 0.4
42.75 229.5 5.36644067948134e-09 0.4
42.75 238.5 5.48693161568683e-09 0.4
42.75 247.5 5.835042599722236e-09 0.4
42.75 256.5 6.291042220292336e-09 0.4
42.75 265.5 6.7345887481888426e-09 0.4
42.75 274.5 7.120595708055401e-09 0.4
42.75 283.5 7.479396596620818e-09 0.4
42.75 292.5 7.395781207587302e-09 0.4
42.75 301.5 7.301843414360758e-09 0.4
42.75 310.5 7.212230740269774e-09 0.4
42.75 319.5 7.212372666687745e-09 0.4
42.75 328.5 7.343080062398901e-09 0.4
42.75 337.5 7.54028864746819e-09 0.4
42.75 346.5 7.668830577734154e-09 0.4
42.75 355.5 7.760126571315067e-09 0.4
47.25 4.5 7.856436220331973e-09 0.4
47.25 13.5 7.07099942029318e-09 0.4
47.25 22.5 6.1415658673108755e-09 0.4
47.25 31.5 5.661084504665698e-09 0.4
47.25 40.5 5.3210626924346965e-09 0.4
47.25 49.5 5.268067971607892e-09 0.4
47.25 58.5 5.355764692222763e-09 0.4
47.25 67.5 5.5304842033617946e-09 0.4
47.25 76.5 5.874868134943146e-09 0.4
47.25 85.5 6.338074750779943e-09 0.4
47.25 94.5 6.839408745397296e-09 0.4
47.25 103.5 7.095498680444621e-09 0.4
47.25 112.5 7.4053797142169784e-09 0.4
47.25 121.5 7.77483270485951e-09 0.4
47.25 130.5 8.211009155995558e-09 0.4
47.25 139.5 8.656876093190463e-09 0.4
47.25 148.5 8.86276939926877e-09 0.4
47.25 157.5 8.928710831668539e-09 0.4
47.25 166.5 8.513837341151199e-09 0.4
47.25 175.5 8.052065830109807e-09 0.4
47.25 184.5 7.622851174362983e-09 0.4
47.25 193.5 7.266588223966664e-09 0.4
47.25 202.5 7.024626713365696e-09 0.4
47.25 211.5 6.2592642796571e-09 0.4
47.25 220.5 5.747237159266252e-09 0.4
47.25 229.5 5.461586770492814e-09 0.4
47.25 238.5 5.501589125784781e-09 0.4
47.25 247.5 5.785009240088507e-09 0.4
47.25 256.5 6.192238236703659e-09 0.4
47.25 265.5 6.621878291154499e-09 0.4
47.25 274.5 7.006825042816767e-09 0.4
47.25 283.5 7.362806882507433e-09 0.4
47.25 292.5 7.516791152361353e-09 0.4
47.25 301.5 7.412573529985645e-09 0.4
47.25 310.5 7.32345357380548e-09 0.4
47.25 319.5 7.298819409386024e-09 0.4
47.25 328.5 7.383946505417088e-09 0.4
47.25 337.5 7.575434264809493e-09 0.4
47.25 346.5 7.74174707643236e-09 0.4
47.25 355.5 7.846114257228512e-09 0.4
51.75 4.5 7.942789012371935e-09 0.4
51.75 13.5 7.1608321905955485e-09 0.4
51.75 22.5 6.2699354322131446e-09 0.4
51.75 31.5 5.798543696581954e-09 0.4
51.75 40.5 5.448412063949329e-09 0.4
51.75 49.5 5.34994074028737e-09 0.4
51.75 58.5 5.40006526931961e-09 0.4
51.75 67.5 5.525776494109822e-09 0.4
51.75 76.5 5.822823046545823e-09 0.4
51.75 85.5 6.248837111595427e-09 0.4
51.75 94.5 6.721887031325442e-09 0.4
51.75 103.5 7.0019035042335015e-09 0.4
51.75 112.5 7.248328960449698e-09 0.4
51.75 121.5 7.60748450307288e-09 0.4
51.75 130.5 8.02729631994479e-09 0.4
51.75 139.5 8.50001601255834e-09 0.4
51.75 148.5 8.908998631614792e-09 0.4
51.75 157.5 9.102923795705526e-09 0.4
51.75 166.5 8.694938330227608e-09 0.4
51.75 175.5 8.262410102155945e-09 0.4
51.75 184.5 7.771646760858867e-09 0.4
51.75 193.5 7.380926573826672e-09 0.4
51.75 202.5 7.071430540605441e-09 0.4
51.75 211.5 6.466304965911526e-09 0.4
51.75 220.5 5.916097572457309e-09 0.4
51.75 229.5 5.570577288578354e-09 0.4
51.75 238.5 5.527314502476972e-09 0.4
51.75 247.5 5.7416932003400035e-09 0.4
51.75 256.5 6.1025924274010775e-09 0.4
51.75 265.5 6.510622091899926e-09 0.4
51.75 274.5 6.900229593137528e-09 0.4
51.75 283.5 7.242419634195469e-09 0.4
51.75 292.5 7.543406240409112e-09 0.4
51.75 301.5 7.518899335881699e-09 0.4
51.75 310.5 7.432496029895904e-09 0.4
51.75 319.5 7.388052572114029e-09 0.4
51.75 328.5 7.445342907813022e-09 0.4
51.75 337.5 7.624337245495811e-09 0.4
51.75 346.5 7.822839058169288e-09 0.4
51.75 355.5 7.954950221907842e-09 0.4
56.25 4.5 8.039017484174136e-09 0.4
56.25 13.5 7.2737251052362646e-09 0.4
56.25 22.5 6.4256093717445884e-09 0.4
56.25 31.5 5.963378178218772e-09 0.4
56.25 40.5 5.598540843843937e-09 0.4
56.25 49.5 5.452232201127094e-09 0.4
56.25 58.5 5.451488578931231e-09 0.4
56.25 67.5 5.532918224729137e-09 0.4
56.25 76.5 5.78340588158253e-09 0.4
56.25 85.5 6.171992488365659e-09 0.4
56.25 94.5 6.616588656098773e-09 0.4
56.25 103.5 6.944977211883329e-09 0.4
56.25 112.5 7.133952183940455e-09 0.4
56.25 121.5 7.432046918439456e-09 0.4
56.25 130.5 7.86276987172469e-09 0.4
56.25 139.5 8.314060573571269e-09 0.4
56.25 148.5 8.79830062317374e-09 0.4
56.25 157.5 9.11169632828853e-09 0.4
56.25 166.5 8.871478001795269e-09 0.4
56.25 175.5 8.431897469022789e-09 0.4
56.25 184.5 7.956272734134051e-09 0.4
56.25 193.5 7.50860959834838e-09 0.4
56.25 202.5 7.150980484889491e-09 0.4
56.25 211.5 6.69007744975804e-09 0.4
56.25 220.5 6.09760902908658e-09 0.4
56.25 229.5 5.698285118294911e-09 0.4
56.25 238.5 5.5672532808075586e-09 0.4
56.25 247.5 5.7091824104992e-09 0.4
56.25 256.5 6.02312041615103e-09 0.4
56.25 265.5 6.401690702437238e-09 0.4
56.25 274.5 6.795174974722308e-09 0.4
56.25 283.5 7.128697984140091e-09 0.4
56.25 292.5 7.414889011326842e-09 0.4
56.25 301.5 7.645938788462281e-09 0.4
56.25 310.5 7.553300207275677e-09 0.4
56.25 319.5 7.49914790102245e-09 0.4
56.25 328.5 7.536556351662256e-09 0.4
56.25 337.5 7.694176195601223e-09 0.4
56.25 346.5 7.916938089994386e-09 0.4
56.25 355.5 8.050606637040371e-09 0.4
60.75 4.5 8.142707499203456e-09 0.4
60.75 13.5 7.412365726714745e-09 0.4
60.75 22.5 6.611512118686964e-09 0.4
60.75 31.5 6.159223857926924e-09 0.4
60.75 40.5 5.775035161511286e-09 0.4
60.75 49.5 5.576387483327128e-09 0.4
60.75 58.5 5.520107422062244e-09 0.4
60.75 67.5 5.547744916780507e-09 0.4
60.75 76.5 5.753146859799227e-09 0.4
60.75 85.5 6.098406059549943e-09 0.4
60.75 94.5 6.529360672391315e-09 0.4
60.75 103.5 6.916836511932599e-09 0.4
60.75 112.5 7.057800423376911e-09 0.4
60.75 121.5 7.297099799534196e-09 0.4
60.75 130.5 7.673155804898283e-09 0.4
60.75 139.5 8.141024178208437e-09 0.4
60.75 148.5 8.615370945978868e-09 0.4
60.75 157.5 9.039223077449232e-09 0.4
60.75 166.5 9.057589146520995e-09 0.4
60.75 175.5 8.6242904520424e-09 0.4
60.75 184.5 8.176838375893961e-09 0.4
60.75 193.5 7.66519605266691e-09 0.4
60.75 202.5 7.26831056208064e-09 0.4
60.75 211.5 6.921643598210657e-09 0.4
60.75 220.5 6.286951532283897e-09 0.4
60.75 229.5 5.842068975936991e-09 0.4
60.75 238.5 5.624749616028673e-09 0.4
60.75 247.5 5.688450394193278e-09 0.4
60.75 256.5 5.950963592676136e-09 0.4
60.75 265.5 6.300254107100875e-09 0.4
60.75 274.5 6.687957242021798e-09 0.4
60.75 283.5 7.026165604397091e-09 0.4
60.75 292.5 7.326038895244491e-09 0.4
60.75 301.5 7.58765805850751e-09 0.4
60.75 310.5 7.700041472825136e-09 0.4
60.75 319.5 7.639297372574614e-09 0.4
60.75 328.5 7.66036512784371e-09 0.4
60.75 337.5 7.789653782327939e-09 0.4
60.75 346.5 8.012965449372096e-09 0.4
60.75 355.5 8.158807164526871e-09 0.4
65.25 4.5 8.264555678818494e-09 0.4
65.25 13.5 7.578868042078503e-09 0.4
65.25 22.5 6.829995029514956e-09 0.4
65.25 31.5 6.389129703454705e-09 0.4
65.25 40.5 5.980468042733134e-09 0.4
65.25 49.5 5.723528838832324e-09 0.4
65.25 58.5 5.605471949286418e-09 0.4
65.25 67.5 5.57412983493085e-09 0.4
65.25 76.5 5.729315854719637e-09 0.4
65.25 85.5 6.031265865022228e-09 0.4
65.25 94.5 6.449792437310296e-09 0.4
65.25 103.5 6.842479568373496e-09 0.4
65.25 112.5 7.015600447721765e-09 0.4
65.25 121.5 7.202640841299843e-09 0.4
65.25 130.5 7.507070305037897e-09 0.4
65.25 139.5 7.970699876784866e-09 0.4
65.25 148.5 8.424332824057767e-09 0.4
65.25 157.5 8.927711969272253e-09 0.4
65.25 166.5 9.174092424465188e-09 0.4
65.25 175.5 8.809453290503217e-09 0.4
65.25 184.5 8.347277816702154e-09 0.4
65.25 193.5 7.859395731415827e-09 0.4
65.25 202.5 7.396890027037961e-09 0.4
65.25 211.5 7.04287058844226e-09 0.4
65.25 220.5 6.492867572735319e-09 0.4
65.25 229.5 6.00547399770768e-09 0.4
65.25 238.5 5.700241317261536e-09 0.4
65.25 247.5 5.679472043392356e-09 0.4
65.25 256.5 5.887051634472749e-09 0.4
65.25 265.5 6.2049053217923425e-09 0.4
65.25 274.5 6.575631845009141e-09 0.4
65.25 283.5 6.929180848301436e-09 0.4
65.25 292.5 7.223787518295564e-09 0.4
65.25 301.5 7.455528801590201e-09 0.4
65.25 310.5 7.734726463294633e-09 0.4
65.25 319.5 7.802526977614327e-09 0.4
65.25 328.5 7.806663614104872e-09 0.4
65.25 337.5 7.91540735932456e-09 0.4
65.25 346.5 8.11919388140591e-09 0.4
65.25 355.5 8.285736181477237e-09 0.4
69.75 4.5 8.375769237446016e-09 0.4
69.75 13.5 7.771673878821818e-09 0.4
69.75 22.5 7.0801834261756144e-09 0.4
69.75 31.5 6.631106044872821e-09 0.4
69.75 40.5 6.217833562966872e-09 0.4
69.75 49.5 5.896639011098207e-09 0.4
69.75 58.5 5.7113440417820875e-09 0.4
69.75 67.5 5.611497978617486e-09 0.4
69.75 76.5 5.710388604636855e-09 0.4
69.75 85.5 5.973216228477555e-09 0.4
69.75 94.5 6.3639422058646565e-09 0.4
69.75 103.5 6.7599806386949774e-09 0.4
69.75 112.5 6.998898129859856e-09 0.4
69.75 121.5 7.140847388723121e-09 0.4
69.75 130.5 7.379938625681593e-09 0.4
69.75 139.5 7.791604281005462e-09 0.4
69.75 148.5 8.244918051751836e-09 0.4
69.75 157.5 8.750920794094484e-09 0.4
69.75 166.5 9.180974459326598e-09 0.4
69.75 175.5 9.00693827136181e-09 0.4
69.75 184.5 8.549840272921813e-09 0.4
69.75 193.5 8.089982872888215e-09 0.4
69.75 202.5 7.558534855902686e-09 0.4
69.75 211.5 7.161278051808781e-09 0.4
69.75 220.5 6.707023064099748e-09 0.4
69.75 229.5 6.171011657037267e-09 0.4
69.75 238.5 5.799216409704571e-09 0.4
69.75 247.5 5.689157301318503e-09 0.4
69.75 256.5 5.827330152939853e-09 0.4
69.75 265.5 6.117093996892126e-09 0.4
69.75 274.5 6.464298211416286e-09 0.4
69.75 283.5 6.829182797815603e-09 0.4
69.75 292.5 7.124263217322296e-09 0.4
69.75 301.5 7.3649968279585475e-09 0.4
69.75 310.5 7.622389239798295e-09 0.4
69.75 319.5 7.914958181289534e-09 0.4
69.75 328.5 7.982160823555298e-09 0.4
69.75 337.5 8.076519493231958e-09 0.4
69.75 346.5 8.2511202444428e-09 0.4
69.75 355.5 8.428190072060792e-09 0.4
74.25 4.5 8.497443723191e-09 0.4
74.25 13.5 7.964390274361722e-09 0.4
74.25 22.5 7.313739285631164e-09 0.4
74.25 31.5 6.865177514933109e-09 0.4
74.25 40.5 6.446046673533962e-09 0.4
74.25 49.5 6.0996695330386935e-09 0.4
74.25 58.5 5.834136361923067e-09 0.4
74.25 67.5 5.664448959588321e-09 0.4
74.25 76.5 5.699139730815804e-09 0.4
74.25 85.5 5.922361405538122e-09 0.4
74.25 94.5 6.275310643408053e-09 0.4
74.25 103.5 6.682985030965298e-09 0.4
74.25 112.5 6.961330392411651e-09 0.4
74.25 121.5 7.1075955003241795e-09 0.4
74.25 130.5 7.292544476792655e-09 0.4
74.25 139.5 7.637072968684644e-09 0.4
74.25 148.5 8.08291416928316e-09 0.4
74.25 157.5 8.54853782181434e-09 0.4
74.25 166.5 9.083200038761197e-09 0.4
74.25 175.5 9.122526504956358e-09 0.4
74.25 184.5 8.742724645273389e-09 0.4
74.25 193.5 8.260697897212917e-09 0.4
74.25 202.5 7.760013763142078e-09 0.4
74.25 211.5 7.288826926407732e-09 0.4
74.25 220.5 6.911359929569527e-09 0.4
74.25 229.5 6.3526897941492815e-09 0.4
74.25 238.5 5.922985166393826e-09 0.4
74.25 247.5 5.719805130786695e-09 0.4
74.25 256.5 5.777368979215723e-09 0.4
74.25 265.5 6.031341523580908e-09 0.4
74.25 274.5 6.359218722394866e-09 0.4
74.25 283.5 6.720617593746737e-09 0.4
74.25 292.5 7.0295351134017625e-09 0.4
74.25 301.5 7.288729005633417e-09 0.4
74.25 310.5 7.484430577877396e-09 0.4
74.25 319.5 7.780126202234944e-09 0.4
74.25 328.5 8.113335538031295e-09 0.4
74.25 337.5 8.25514489577941e-09 0.4
74.25 346.5 8.35653244956374e-09 0.4
74.25 355.5 8.50508945363529e-09 0.4
78.75 4.5 8.615614866084361e-09 0.4
78.75 13.5 8.158594236350533e-09 0.4
78.75 22.5 7.569754307708167e-09 0.4
78.75 31.5 7.134030861776192e-09 0.4
78.75 40.5 6.686641563759368e-09 0.4
78.75 49.5 6.332145462755982e-09 0.4
78.75 58.5 5.97621985943923e-09 0.4
78.75 67.5 5.738101929550096e-09 0.4
78.75 76.5 5.6984358434892986e-09 0.4
78.75 85.5 5.872041170794068e-09 0.4
78.75 94.5 6.184792574676979e-09 0.4
78.75 103.5 6.5917066879403895e-09 0.4
78.75 112.5 6.891873014666386e-09 0.4
78.75 121.5 7.096489267429738e-09 0.4
78.75 130.5 7.243919111843567e-09 0.4
78.75 139.5 7.514621577079939e-09 0.4
78.75 148.5 7.920916640507908e-09 0.4
78.75 157.5 8.361032265895706e-09 0.4
78.75 166.5 8.875940656728993e-09 0.4
78.75 175.5 9.194456999898963e-09 0.4
78.75 184.5 8.950905492080305e-09 0.4
78.75 193.5 8.471452530939937e-09 0.4
78.75 202.5 7.999919388433712e-09 0.4
78.75 211.5 7.452954312510507e-09 0.4
78.75 220.5 7.042794295721861e-09 0.4
78.75 229.5 6.539354575175345e-09 0.4
78.75 238.5 6.0661530198058665e-09 0.4
78.75 247.5 5.7715141565906775e-09 0.4
78.75 256.5 5.748054402398164e-09 0.4
78.75 265.5 5.946971451267226e-09 0.4
78.75 274.5 6.256437013754983e-09 0.4
78.75 283.5 6.608543574181171e-09 0.4
78.75 292.5 6.937786297364921e-09 0.4
78.75 301.5 7.199566224039461e-09 0.4
78.75 310.5 7.392902387889231e-09 0.4
78.75 319.5 7.655255193742104e-09 0.4
78.75 328.5 7.973172469542942e-09 0.4
78.75 337.5 8.331195489500566e-09 0.4
78.75 346.5 8.422596179314144e-09 0.4
78.75 355.5 8.589370515267925e-09 0.4
83.25 4.5 8.7600388472833e-09 0.4
83.25 13.5 8.377742608798412e-09 0.4
83.25 22.5 7.857208252333916e-09 0.4
83.25 31.5 7.4418881429262265e-09 0.4
83.25 40.5 6.963611928833509e-09 0.4
83.25 49.5 6.583489246148963e-09 0.4
83.25 58.5 6.1457672855167e-09 0.4
83.25 67.5 5.83234654169859e-09 0.4
83.25 76.5 5.710399905919515e-09 0.4
83.25 85.5 5.824052513629026e-09 0.4
83.25 94.5 6.098070853780637e-09 0.4
83.25 103.5 6.4793903056065375e-09 0.4
83.25 112.5 6.809803534600333e-09 0.4
83.25 121.5 7.06513351746038e-09 0.4
83.25 130.5 7.22112505956148e-09 0.4
83.25 139.5 7.426743371994377e-09 0.4
83.25 148.5 7.779076507819715e-09 0.4
83.25 157.5 8.198535914613074e-09 0.4
83.25 166.5 8.669250573729813e-09 0.4
83.25 175.5 9.09317880012929e-09 0.4
83.25 184.5 9.066592307336856e-09 0.4
83.25 193.5 8.671202568563522e-09 0.4
83.25 202.5 8.171447436574163e-09 0.4
83.25 211.5 7.65856781983167e-09 0.4
83.25 220.5 7.185456825540473e-09 0.4
83.25 229.5 6.726283630401722e-09 0.4
83.25 238.5 6.221424287771621e-09 0.4
83.25 247.5 5.850195175734028e-09 0.4
83.25 256.5 5.736216491659209e-09 0.4
83.25 265.5 5.861712981171949e-09 0.4
83.25 274.5 6.149696487346874e-09 0.4
83.25 283.5 6.48979324762381e-09 0.4
83.25 292.5 6.834027792959681e-09 0.4
83.25 301.5 7.104482991537385e-09 0.4
83.25 310.5 7.3072466740837926e-09 0.4
83.25 319.5 7.509697917857887e-09 0.4
83.25 328.5 7.82814987877188e-09 0.4
83.25 337.5 8.22399048728515e-09 0.4
83.25 346.5 8.526322217120263e-09 0.4
83.25 355.5 8.708389435611964e-09 0.4
87.75 4.5 8.874794490777056e-09 0.4
87.75 13.5 8.622028937807857e-09 0.4
87.75 22.5 8.17474685091601e-09 0.4
87.75 31.5 7.788861109361377e-09 0.4
87.75 40.5 7.276678070509496e-09 0.4
87.75 49.5 6.838078736948619e-09 0.4
87.75 58.5 6.348948331197238e-09 0.4
87.75 67.5 5.949857409549041e-09 0.4
87.75 76.5 5.742630469721708e-09 0.4
87.75 85.5 5.779418142003852e-09 0.4
87.75 94.5 6.018821206420511e-09 0.4
87.75 103.5 6.3640248203035795e-09 0.4
87.75 112.5 6.7253361311747815e-09 0.4
87.75 121.5 7.000681232967805e-09 0.4
87.75 130.5 7.20334273621068e-09 0.4
87.75 139.5 7.3725287782950765e-09 0.4
87.75 148.5 7.660345866951348e-09 0.4
87.75 157.5 8.030060917655407e-09 0.4
87.75 166.5 8.475118706125866e-09 0.4
87.75 175.5 8.893502321689531e-09 0.4
87.75 184.5 9.025401194855163e-09 0.4
87.75 193.5 8.889216428573362e-09 0.4
87.75 202.5 8.38899659583836e-09 0.4
87.75 211.5 7.906052923896102e-09 0.4
87.75 220.5 7.349351294060914e-09 0.4
87.75 229.5 6.9017296046842686e-09 0.4
87.75 238.5 6.3787585467387366e-09 0.4
87.75 247.5 5.957320414791067e-09 0.4
87.75 256.5 5.748163116316326e-09 0.4
87.75 265.5 5.789057863340704e-09 0.4
87.75 274.5 6.036752143031912e-09 0.4
87.75 283.5 6.371346288014258e-09 0.4
87.75 292.5 6.7298201535790545e-09 0.4
87.75 301.5 7.008569438298672e-09 0.4
87.75 310.5 7.232957450188116e-09 0.4
87.75 319.5 7.409797665476253e-09 0.4
87.75 328.5 7.691827824288164e-09 0.4
87.75 337.5 8.03758626328854e-09 0.4
87.75 346.5 8.481660570856358e-09 0.4
87.75 355.5 8.825372117897079e-09 0.4
